  9.7022945e-01
  1.0168797e+00
  1.0434524e+00
  1.0585274e+00
  9.9372441e-01
  9.7141551e-01
  1.0714873e+00
  1.0184652e+00
  9.6114408e-01
  9.8624830e-01
  9.7344123e-01
  9.8719788e-01
  9.5580548e-01
  9.4788427e-01
  1.0113892e+00
  9.6137209e-01
  9.2885381e-01
  9.7618876e-01
  9.7611918e-01
  9.6617311e-01
  1.0175599e+00
  9.8720774e-01
  1.0709347e+00
  1.0466810e+00
  9.9704226e-01
  1.0226102e+00
  9.9206587e-01
  9.5435035e-01
  9.6663893e-01
  9.9778095e-01
  9.3618821e-01
  9.8057891e-01
  1.0093872e+00
  1.0067573e+00
  9.9084485e-01
  9.9250694e-01
  9.8966686e-01
  9.4775597e-01
  9.9839449e-01
  1.0221663e+00
  9.5523835e-01
  1.0262621e+00
  1.0016951e+00
  1.0019061e+00
  9.6984447e-01
  1.0212998e+00
  1.0097475e+00
  9.7099929e-01
  1.0039376e+00
  1.0391046e+00
  9.7560663e-01
  9.6766247e-01
  1.0568498e+00
  1.0047593e+00
  9.7575752e-01
  9.9675125e-01
  1.0086175e+00
  1.0336436e+00
  1.0022181e+00
  9.4366747e-01
  9.9283037e-01
  9.3050996e-01
  1.0009423e+00
  1.0351295e+00
  9.6814145e-01
  1.0463812e+00
  9.9917317e-01
  9.8279695e-01
  9.5436841e-01
  9.4010665e-01
  1.0279013e+00
  1.0119063e+00
  9.9065785e-01
  1.0461370e+00
  9.6601209e-01
  9.9419252e-01
  1.0324145e+00
  9.8870023e-01
  1.0092447e+00
  9.9320400e-01
  1.0233795e+00
  1.0847039e+00
  1.0284174e+00
  1.0743750e+00
  1.0020321e+00
  1.0401492e+00
  9.7825448e-01
  1.0633315e+00
  9.4647905e-01
  1.0227074e+00
  1.0229851e+00
  1.0321939e+00
  9.6514247e-01
  1.0295889e+00
  1.0246458e+00
  1.0006734e+00
  1.0323955e+00
  1.0558223e+00
  9.2255604e-01
  1.0116014e+00
  1.0243928e+00
  9.5399192e-01
  1.0091563e+00
  9.4223732e-01
  1.0774932e+00
  1.0279082e+00
  1.0092789e+00
  1.0266545e+00
  9.6416136e-01
  9.8422674e-01
  9.7947018e-01
  1.0168810e+00
  1.0534640e+00
  9.6944124e-01
  9.6388441e-01
  9.7001705e-01
  9.9183116e-01
  1.0096792e+00
  9.5173430e-01
  9.6453407e-01
  1.0614898e+00
  1.0598572e+00
  9.8049601e-01
  1.0156451e+00
  1.0103525e+00
  1.0322289e+00
  1.0055672e+00
  9.7011104e-01
  1.0131741e+00
  1.0673328e+00
  1.0317064e+00
  1.0223777e+00
  9.6942452e-01
  9.4524324e-01
  9.9961456e-01
  9.6985691e-01
  1.0126675e+00
  1.0139294e+00
  9.5261300e-01
  1.0429181e+00
  1.0021776e+00
  1.0230788e+00
  1.0130595e+00
  9.9374520e-01
  1.0197760e+00
  9.9978321e-01
  9.3119146e-01
  9.7418417e-01
  1.0195633e+00
  1.0002094e+00
  9.8857504e-01
  9.8881432e-01
  9.3920897e-01
  1.0029051e+00
  9.8148683e-01
  9.8940371e-01
  9.6225650e-01
  1.0115300e+00
  9.9112738e-01
  9.6529701e-01
  1.0665560e+00
  9.2189677e-01
  1.0837649e+00
  9.5885627e-01
  1.0134301e+00
  9.9890094e-01
  9.9917962e-01
  9.9339111e-01
  1.0081883e+00
  9.8229594e-01
  1.0244875e+00
  9.1679827e-01
  9.9105319e-01
  9.7557891e-01
  1.0250600e+00
  9.7649243e-01
  1.0169629e+00
  9.8689997e-01
  1.0260934e+00
  1.0413775e+00
  1.0200968e+00
  1.0109823e+00
  1.0304308e+00
  1.0329270e+00
  1.0812159e+00
  9.6369463e-01
  1.0019911e+00
  9.8178471e-01
  9.8889083e-01
  9.8476840e-01
  9.6479234e-01
  1.0996895e+00
  9.9800682e-01
  1.0317488e+00
  1.0374474e+00
  9.7266344e-01
  1.0459749e+00
  1.0153916e+00
  1.0794822e+00
  9.3371892e-01
  9.4863798e-01
  9.7250982e-01
  1.0238568e+00
  9.4585594e-01
  1.0501690e+00
  1.0398851e+00
  9.7356457e-01
  1.0015038e+00
  9.9327175e-01
  1.0205706e+00
  9.8998474e-01
  1.0805308e+00
  1.0155400e+00
  1.0416878e+00
  1.0093244e+00
  1.0187527e+00
  9.7546080e-01
  1.0037392e+00
  1.0514809e+00
  1.0426458e+00
  9.9472988e-01
  1.0386111e+00
  1.0452044e+00
  9.7886868e-01
  9.8417719e-01
  9.7020807e-01
  1.0109189e+00
  9.7905052e-01
  1.0286694e+00
  1.0126093e+00
  1.0171669e+00
  1.0279859e+00
  1.0174349e+00
  1.0575598e+00
  1.0030424e+00
  1.0082915e+00
  9.4173193e-01
  9.9644558e-01
  1.0104532e+00
  1.0094945e+00
  1.0707637e+00
  9.9094635e-01
  9.7558728e-01
  9.9838420e-01
  1.0193959e+00
  9.9185603e-01
  1.0022037e+00
  9.5227961e-01
  1.0414870e+00
  9.9893136e-01
  1.0030617e+00
  9.4005181e-01
  9.9945268e-01
  1.0065624e+00
  1.0283818e+00
  9.8992342e-01
  1.0268291e+00
  1.0326144e+00
  9.6475902e-01
  9.7506180e-01
  9.7785653e-01
  1.0228495e+00
  9.0323111e-01
  1.0211438e+00
  1.0168918e+00
  1.0399610e+00
  1.0234431e+00
  9.6573515e-01
  1.0255372e+00
  1.0049615e+00
  1.0328408e+00
  9.4549342e-01
  9.5278009e-01
  9.7084166e-01
  1.0093955e+00
  1.0024605e+00
  9.7358632e-01
  9.9930711e-01
  9.9600313e-01
  1.0076914e+00
  1.0498640e+00
  1.0059854e+00
  9.8841192e-01
  1.0208465e+00
  1.0172847e+00
  1.0101722e+00
  9.7861019e-01
  9.7785997e-01
  9.7540081e-01
  1.0337833e+00
  9.9255355e-01
  9.8068271e-01
  1.0054636e+00
  1.0277383e+00
  1.0478452e+00
  9.8190616e-01
  9.7527770e-01
  9.9025436e-01
  1.0189361e+00
  9.8736217e-01
  9.6368994e-01
  9.7739545e-01
  9.9649077e-01
  1.0103656e+00
  1.0122391e+00
  1.0133643e+00
  9.5581739e-01
  1.0379931e+00
  1.0026435e+00
  1.0465290e+00
  1.0323172e+00
  1.0158037e+00
  1.0375870e+00
  9.5301213e-01
  1.0128945e+00
  9.8307373e-01
  9.7355556e-01
  1.0138619e+00
  9.5452131e-01
  9.6409296e-01
  9.7427193e-01
  1.0346474e+00
  9.8584909e-01
  1.0404584e+00
  9.6586030e-01
  1.0316709e+00
  9.9453148e-01
  9.7552123e-01
  9.9392905e-01
  1.0460412e+00
  1.0320076e+00
  9.4018460e-01
  9.8593945e-01
  9.9329605e-01
  9.8982732e-01
  9.4495974e-01
  9.8569900e-01
  9.9863704e-01
  1.0320700e+00
  1.0033161e+00
  1.0083803e+00
  9.9428134e-01
  1.0543692e+00
  9.7842117e-01
  1.0200951e+00
  9.9723151e-01
  1.0056191e+00
  9.9675160e-01
  1.0102359e+00
  9.5368283e-01
  9.9445941e-01
  1.0245305e+00
  9.6897488e-01
  1.0324300e+00
  1.0124551e+00
  9.7768742e-01
  1.0239088e+00
  1.0464756e+00
  1.0084564e+00
  1.0259357e+00
  9.8754628e-01
  9.9746051e-01
  1.0342619e+00
  9.8435856e-01
  1.0798471e+00
  1.0532839e+00
  9.8327343e-01
  1.0260005e+00
  1.0207879e+00
  9.5816275e-01
  1.0006622e+00
  9.7646807e-01
  1.0201425e+00
  1.0168120e+00
  1.0067597e+00
  9.8330606e-01
  9.4563066e-01
  9.2835080e-01
  9.8193081e-01
  1.0362670e+00
  1.0282873e+00
  9.7876250e-01
  9.6313585e-01
  1.0225883e+00
  9.8624622e-01
  9.6318702e-01
  1.0106086e+00
  9.6702586e-01
  1.0431955e+00
  9.8876135e-01
  1.0196024e+00
  9.8986380e-01
  1.0127177e+00
  1.0210121e+00
  1.0247973e+00
  9.7153471e-01
  9.8671396e-01
  9.9807799e-01
  9.5018952e-01
  1.0223286e+00
  9.9571389e-01
  1.0659894e+00
  9.6740892e-01
  9.7243766e-01
  9.4403479e-01
  9.6600358e-01
  9.9426576e-01
  1.0288750e+00
  1.0278395e+00
  1.0301582e+00
  1.0002092e+00
  1.0270245e+00
  1.0507182e+00
  1.0035420e+00
  9.3085984e-01
  1.0092106e+00
  9.7074620e-01
  1.0195083e+00
  9.9979571e-01
  1.0043966e+00
  1.0256145e+00
  9.8176351e-01
  1.0469066e+00
  9.6198337e-01
  9.7349556e-01
  1.0337553e+00
  1.0108285e+00
  1.0480362e+00
  1.0153730e+00
  1.0113195e+00
  1.0471336e+00
  1.0224741e+00
  9.8171226e-01
  9.9211080e-01
  1.0081547e+00
  1.0541833e+00
  1.0338692e+00
  9.6901515e-01
  9.9041468e-01
  1.0014208e+00
  9.4629574e-01
  1.0087605e+00
  9.6242471e-01
  1.0017556e+00
  1.0134745e+00
  9.4562469e-01
  9.9449156e-01
  1.0108010e+00
  1.0317227e+00
  1.0170674e+00
  9.5933749e-01
  1.0071485e+00
  1.0418731e+00
  1.0704866e+00
  9.6571865e-01
  9.6846519e-01
  1.0065525e+00
  9.8371606e-01
  9.9160350e-01
  9.8345943e-01
  1.0198006e+00
  1.0085643e+00
  1.0128748e+00
  9.8852345e-01
  1.0069601e+00
  1.0280110e+00
  1.0374605e+00
  1.0265005e+00
  1.0334214e+00
  9.9525833e-01
  9.9117287e-01
  9.8604549e-01
  9.5895484e-01
  1.0083426e+00
  1.0160336e+00
  9.7648804e-01
  1.0034011e+00
  1.0174848e+00
  1.0028876e+00
  9.9169204e-01
  9.9345770e-01
  1.0176505e+00
  9.6544281e-01
  1.0052439e+00
  9.4617629e-01
  9.7782206e-01
  1.0252252e+00
  1.0389389e+00
  9.5396000e-01
  1.0089062e+00
  1.0386219e+00
  1.0019197e+00
  9.9784514e-01
  9.8277875e-01
  1.0308035e+00
  9.7765600e-01
  9.8321603e-01
  1.0383345e+00
  1.0421104e+00
  9.8122341e-01
  9.9268362e-01
  9.6347906e-01
  9.9788835e-01
  9.8269232e-01
  1.0501415e+00
  1.0148778e+00
  1.0157490e+00
  9.9529768e-01
  1.0114499e+00
  9.8340333e-01
  9.8874895e-01
  9.1783585e-01
  1.0013809e+00
  9.8702777e-01
  1.0068598e+00
  9.4350496e-01
  9.3048736e-01
  1.0039386e+00
  1.0019535e+00
  9.5211291e-01
  9.8455100e-01
  1.0087141e+00
  9.9118985e-01
  9.5989225e-01
  1.0025822e+00
  1.1003763e+00
  9.7289308e-01
  9.8552311e-01
  9.6671593e-01
  1.0221210e+00
  9.6440625e-01
  1.0600703e+00
  1.0174681e+00
  9.9481344e-01
  9.8617580e-01
  1.0121143e+00
  1.0025011e+00
  9.9244627e-01
  1.0086917e+00
  1.0148807e+00
  9.4438489e-01
  1.0457576e+00
  9.4994261e-01
  9.7348304e-01
  9.5962997e-01
  9.6789570e-01
  1.0066057e+00
  1.0589175e+00
  9.7707483e-01
  1.0019537e+00
  9.9960725e-01
  9.8904174e-01
  9.9841335e-01
  1.0496069e+00
  9.9536438e-01
  9.7085461e-01
  9.8880725e-01
  1.0163521e+00
  1.0284579e+00
  1.0210450e+00
  1.0462904e+00
  9.5071387e-01
  1.0408700e+00
  9.8002689e-01
  9.4985970e-01
  9.8269658e-01
  9.8196931e-01
  9.6096938e-01
  9.8780553e-01
  1.0294840e+00
  1.0097091e+00
  9.8376106e-01
  1.0338104e+00
  9.4119698e-01
  1.0209541e+00
  9.9132519e-01
  9.6768151e-01
  1.0213386e+00
  9.5455268e-01
  1.0138753e+00
  1.0800829e+00
  1.0315845e+00
  9.8919360e-01
  1.0624899e+00
  1.0162010e+00
  9.7584875e-01
  9.7920462e-01
  9.5660226e-01
  1.0400515e+00
  9.7715465e-01
  1.0327759e+00
  1.0486130e+00
  1.0403441e+00
  1.0632302e+00
  9.9886209e-01
  1.0624646e+00
  1.0120355e+00
  1.0949290e+00
  1.0524817e+00
  1.0095919e+00
  9.9472388e-01
  1.0164491e+00
  9.7613177e-01
  9.9334217e-01
  9.6148539e-01
  1.0253495e+00
  1.0009058e+00
  9.4279156e-01
  1.0575697e+00
  9.9574051e-01
  9.8538210e-01
  9.9050064e-01
  1.0638155e+00
  1.0300525e+00
  1.0358779e+00
  1.0160557e+00
  1.0223099e+00
  9.7697655e-01
  1.0439336e+00
  9.7070829e-01
  9.4455642e-01
  9.8082486e-01
  9.7297333e-01
  1.0339391e+00
  1.0068587e+00
  9.7676838e-01
  1.0327495e+00
  9.6049828e-01
  1.0234149e+00
  1.0169961e+00
  1.0394352e+00
  1.0156178e+00
  1.0256191e+00
  1.0176479e+00
  1.0475814e+00
  1.0429902e+00
  1.0363318e+00
  9.6823084e-01
  1.0221619e+00
  1.0083547e+00
  1.0312793e+00
  1.0066423e+00
  9.6334004e-01
  1.0077188e+00
  1.0225180e+00
  9.7908073e-01
  9.3408394e-01
  1.0070157e+00
  9.7197762e-01
  1.0503374e+00
  1.0528439e+00
  1.0172321e+00
  1.0091829e+00
  9.8501067e-01
  1.0030612e+00
  9.9154396e-01
  9.7348902e-01
  1.0120792e+00
  1.0219239e+00
  1.0468740e+00
  9.8484118e-01
  9.6803406e-01
  1.0040233e+00
  9.8368884e-01
  1.0372808e+00
  1.0298849e+00
  9.4932232e-01
  1.0492386e+00
  1.0013772e+00
  9.6312918e-01
  9.9239298e-01
  9.4550357e-01
  1.0202649e+00
  1.0598969e+00
  1.0008685e+00
  9.2366772e-01
  1.0043866e+00
  1.0470099e+00
  1.0362245e+00
  9.9047866e-01
  9.5966352e-01
  9.4968412e-01
  9.4003512e-01
  9.4875592e-01
  9.5761814e-01
  1.0532398e+00
  1.0013493e+00
  1.0032044e+00
  9.8647812e-01
  1.0107458e+00
  9.5764840e-01
  9.8251386e-01
  1.0400464e+00
  9.9329853e-01
  1.0239683e+00
  9.9337488e-01
  1.0072133e+00
  9.4888528e-01
  9.7130778e-01
  1.0354738e+00
  1.0440404e+00
  9.6970102e-01
  1.0459013e+00
  1.0024238e+00
  9.9499941e-01
  1.0471100e+00
  1.0074080e+00
  9.8482250e-01
  1.0411167e+00
  9.5722465e-01
  1.0049900e+00
  1.0648496e+00
  1.0401135e+00
  9.6186748e-01
  1.0028853e+00
  1.0007524e+00
  9.6160360e-01
  9.7873046e-01
  9.7528074e-01
  9.5192647e-01
  9.9917012e-01
  1.0499325e+00
  1.0204110e+00
  9.9079214e-01
  9.7702145e-01
  1.0235986e+00
  9.7964237e-01
  9.9804590e-01
  1.0344270e+00
  9.8899564e-01
  9.8220694e-01
  1.0026072e+00
  9.7387794e-01
  9.4234529e-01
  1.0925454e+00
  1.0105393e+00
  1.0475235e+00
  9.8616929e-01
  1.0228021e+00
  9.7641367e-01
  9.9673786e-01
  1.0123342e+00
  9.9505664e-01
  1.0269573e+00
  1.0280434e+00
  9.9623858e-01
  9.7452790e-01
  1.0095083e+00
  1.0081525e+00
  9.8441714e-01
  9.9443504e-01
  9.5706872e-01
  1.0482009e+00
  1.0245152e+00
  9.4099347e-01
  9.7919840e-01
  9.9550127e-01
  9.8458538e-01
  1.0290587e+00
  9.6044483e-01
  9.8437195e-01
  9.5256189e-01
  1.0121958e+00
  9.9453416e-01
  1.0000398e+00
  1.0070908e+00
  9.8359676e-01
  1.0485368e+00
  1.0219713e+00
  1.0414409e+00
  1.0861720e+00
  1.0241415e+00
  1.0158659e+00
  1.0029163e+00
  9.6728790e-01
  1.0266078e+00
  9.5062657e-01
  1.0017678e+00
  9.6441240e-01
  1.0479092e+00
  9.9484200e-01
  9.9880596e-01
  9.7656579e-01
  9.4742957e-01
  1.0492514e+00
  1.0562964e+00
  9.8000881e-01
  1.0146680e+00
  1.0473733e+00
  1.0363294e+00
  1.0053543e+00
  1.0020896e+00
  1.0031069e+00
  9.8703873e-01
  9.9606664e-01
  9.2161744e-01
  9.1925837e-01
  1.0102419e+00
  9.9790154e-01
  9.5476459e-01
  9.9453634e-01
  9.9973123e-01
  9.8720857e-01
  1.0455629e+00
  1.0534050e+00
  9.9314646e-01
  1.0188965e+00
  9.3835126e-01
  9.4366193e-01
  9.8604576e-01
  1.0195143e+00
  9.5312105e-01
  1.0234440e+00
  1.0325971e+00
  9.4011581e-01
  9.6758746e-01
  1.0358950e+00
  9.8682573e-01
  1.0892456e+00
  9.9893584e-01
  1.0260205e+00
  9.6126043e-01
  9.6596808e-01
  1.0052630e+00
  1.0067418e+00
  9.9165417e-01
  1.0774604e+00
  9.6779610e-01
  9.7645035e-01
  9.7479891e-01
  9.7743565e-01
  1.0028620e+00
  9.7900391e-01
  1.0449311e+00
  9.6747030e-01
  1.0022512e+00
  9.7588143e-01
  1.0101047e+00
  9.3829551e-01
  1.0393427e+00
  1.0305449e+00
  1.0326230e+00
  9.6348259e-01
  9.5060309e-01
  1.0373933e+00
  9.9007431e-01
  9.7516885e-01
  1.0744403e+00
  1.0061639e+00
  1.0425032e+00
  9.5638332e-01
  9.8627640e-01
  9.8736099e-01
  9.8216299e-01
  1.0137797e+00
  9.8114123e-01
  9.7420526e-01
  9.7417811e-01
  1.0213804e+00
  1.0260743e+00
  9.9003298e-01
  1.0038611e+00
  9.5673323e-01
  9.9368668e-01
  1.0615812e+00
  1.0151178e+00
  1.0282634e+00
  1.0037676e+00
  9.7920126e-01
  9.8677529e-01
  1.0230967e+00
  9.8011727e-01
  1.0289030e+00
  9.9375251e-01
  9.9694476e-01
  1.0481335e+00
  9.9161532e-01
  1.0277571e+00
  9.6622377e-01
  1.0218100e+00
  9.8668659e-01
  1.0206563e+00
  1.0313754e+00
  1.0127309e+00
  1.0204071e+00
  9.9361759e-01
  9.6001809e-01
  1.0426089e+00
  9.4186754e-01
  9.6801058e-01
  1.0386929e+00
  9.7796152e-01
  9.8126322e-01
  1.0083612e+00
  1.0324166e+00
  9.9942985e-01
  9.6622921e-01
  1.0129967e+00
  9.5703064e-01
  9.9622785e-01
  9.7786364e-01
  1.0133457e+00
  1.0193195e+00
  9.8273555e-01
  1.0258979e+00
  1.0215498e+00
  9.8401261e-01
  1.0232497e+00
  1.0255938e+00
  9.9106258e-01
  9.6093709e-01
  1.0219162e+00
  9.6882778e-01
  9.3395928e-01
  9.9934380e-01
  1.0106082e+00
  9.8650858e-01
  1.0470621e+00
  9.7694460e-01
  1.0146649e+00
  9.7041138e-01
  9.3573712e-01
  9.9162860e-01
  1.0187926e+00
  1.0438242e+00
  1.0433752e+00
  1.0257927e+00
  1.0291634e+00
  1.0171900e+00
  9.5806708e-01
  9.7995110e-01
  9.7462108e-01
  9.7653002e-01
  1.0286547e+00
  9.8547814e-01
  9.6008680e-01
  9.6435663e-01
  1.0506900e+00
  1.0107950e+00
  1.0126773e+00
  9.7897121e-01
  1.0468311e+00
  1.0097167e+00
  1.0302841e+00
  9.6150583e-01
  9.2226435e-01
  1.0205528e+00
  9.5801460e-01
  9.6924264e-01
  9.5969631e-01
  1.0499828e+00
  1.0362029e+00
  1.0082853e+00
  1.0050732e+00
  1.0063389e+00
  1.0115680e+00
  1.0183990e+00
  9.8048840e-01
  1.0191417e+00
  9.6866567e-01
  1.0383895e+00
  1.0123301e+00
  1.0102202e+00
  9.7945978e-01
  9.7271146e-01
  9.7896973e-01
  1.0064968e+00
  9.7421213e-01
  1.0303813e+00
  9.6898039e-01
  1.0158616e+00
  9.9425306e-01
  1.0253756e+00
  9.7372483e-01
  1.0306377e+00
  9.9519613e-01
  1.0284979e+00
  1.0275566e+00
  1.0236956e+00
  1.0132111e+00
  1.0127374e+00
  1.0090040e+00
  9.4688471e-01
  1.0405478e+00
  9.5495841e-01
  9.1884398e-01
  1.0416849e+00
  9.8299710e-01
  1.0362550e+00
  9.9310402e-01
  9.9500231e-01
  9.3992093e-01
  1.0170809e+00
  1.0011938e+00
  1.0203091e+00
  1.0003793e+00
  1.0079123e+00
  9.8202159e-01
  9.6181494e-01
  9.7098162e-01
  1.0114722e+00
  9.9585367e-01
  1.0499208e+00
  9.9363931e-01
  1.0486049e+00
  9.8479750e-01
  9.7121325e-01
  9.6694021e-01
  1.0449500e+00
  9.9672740e-01
  9.3792035e-01
  9.8175731e-01
  9.6730947e-01
  1.0513615e+00
  9.5907199e-01
  1.0335955e+00
  1.0267899e+00
  1.0419103e+00
  1.0611772e+00
  1.0139865e+00
  9.9938623e-01
  9.4630582e-01
  1.0029437e+00
  9.4392777e-01
  1.0040974e+00
  9.7898503e-01
  1.0042585e+00
  1.0085325e+00
  1.0218468e+00
  9.2783636e-01
  9.9127700e-01
  1.0122911e+00
  1.0285484e+00
  9.8687075e-01
  9.4766717e-01
  9.9757358e-01
  9.9640325e-01
  9.6290084e-01
  9.8157318e-01
  9.6444616e-01
  9.9763716e-01
  9.6867600e-01
  1.0499896e+00
  9.8013373e-01
  9.9206148e-01
  9.7195734e-01
  9.8877645e-01
  1.0095511e+00
  1.0162323e+00
  1.0122410e+00
  1.0402531e+00
  9.8714815e-01
  1.0068183e+00
  1.0124796e+00
  1.0072382e+00
  9.9667008e-01
  1.0046623e+00
  1.0045094e+00
  9.9591072e-01
  1.0444240e+00
  1.0599307e+00
  1.0561285e+00
  1.0159951e+00
  9.8827708e-01
  1.0376933e+00
  9.4328138e-01
  1.0335358e+00
  9.7303874e-01
  1.0033784e+00
  1.0058915e+00
  9.6171199e-01
  9.8804269e-01
  9.9251082e-01
  1.0139530e+00
  9.5414601e-01
  1.0287055e+00
  9.7649493e-01
  1.0317272e+00
  9.7809381e-01
  9.7975434e-01
  1.0062250e+00
  9.6676169e-01
  1.0008352e+00
  9.8305968e-01
  1.0390503e+00
  1.0098846e+00
  1.0207431e+00
  1.0102309e+00
  9.6044998e-01
  1.0100107e+00
  1.0306166e+00
  1.0361074e+00
  9.8728216e-01
  9.6892215e-01
  1.0094335e+00
  9.9676864e-01
  1.0720324e+00
  9.5314376e-01
  1.0387173e+00
  9.8933433e-01
  1.0441417e+00
  9.3271497e-01
  1.0017982e+00
  1.0214070e+00
  1.0000230e+00
  1.0341380e+00
  1.0021680e+00
  9.6102981e-01
  1.0096860e+00
  1.0191862e+00
  9.8444655e-01
  1.0221788e+00
  1.0625143e+00
  1.0588461e+00
  1.0274286e+00
  9.8035463e-01
  9.9625860e-01
  9.6573618e-01
  9.7452787e-01
  1.0053330e+00
  9.6789058e-01
  1.0095888e+00
  1.0102519e+00
  1.0050144e+00
  1.0378239e+00
  9.5827698e-01
  1.0459769e+00
  1.0030577e+00
  1.0050303e+00
  9.9788253e-01
  1.0014606e+00
  9.5281008e-01
  1.0346950e+00
  1.0267929e+00
  1.0160084e+00
  9.9646397e-01
  9.9721389e-01
  9.8444815e-01
  1.0031312e+00
  1.0141767e+00
  1.0364513e+00
  9.9606235e-01
  9.6642950e-01
  1.0040660e+00
  1.0090259e+00
  9.6545849e-01
  1.0529801e+00
  1.0293522e+00
  9.6614764e-01
  1.0201567e+00
  9.7527430e-01
  1.0196122e+00
  9.9688468e-01
  9.5495844e-01
  1.0418070e+00
  1.0268082e+00
  1.0048200e+00
  9.5507292e-01
  1.0611139e+00
  1.0140489e+00
  9.8827578e-01
  9.6643626e-01
  9.9220808e-01
  9.7273705e-01
  1.0010886e+00
  1.0661446e+00
  9.9354576e-01
  9.1286415e-01
  1.0509572e+00
  1.0046128e+00
  9.8371718e-01
  1.0355863e+00
  1.0265361e+00
  9.9002815e-01
  9.4182945e-01
  1.0566997e+00
  9.8703492e-01
  9.7071893e-01
  9.6267843e-01
  1.0161616e+00
  1.0063250e+00
  9.3388910e-01
  9.5210509e-01
  1.0447325e+00
  8.8740204e-01
  1.0536668e+00
  1.0261619e+00
  1.0083052e+00
  1.0013847e+00
  9.9738585e-01
  1.0300083e+00
  9.8072463e-01
  9.4193913e-01
  9.9007244e-01
  9.9266950e-01
  1.0394213e+00
  9.9748776e-01
  9.9146621e-01
  1.0723237e+00
  1.0157854e+00
  9.9311513e-01
  9.5533039e-01
  9.9129503e-01
  9.8555197e-01
  1.0117442e+00
  9.8118459e-01
  9.9423892e-01
  9.9987445e-01
  9.3681247e-01
  9.9961967e-01
  9.7449332e-01
  1.0072204e+00
  1.0215596e+00
  9.9322380e-01
  1.0590276e+00
  9.7423924e-01
  9.6851322e-01
  1.0113578e+00
  1.0626523e+00
  1.0107980e+00
  9.8749039e-01
  1.0377582e+00
  9.7132018e-01
  1.0779628e+00
  1.0682010e+00
  9.9056706e-01
  9.7998110e-01
  1.0199575e+00
  9.8071269e-01
  9.6670869e-01
  1.0884170e+00
  1.0526691e+00
  9.9754124e-01
  1.0451716e+00
  9.6615196e-01
  9.4459868e-01
  1.0658622e+00
  9.3287590e-01
  9.9059965e-01
  9.4764966e-01
  1.0148341e+00
  9.6153213e-01
  1.0238672e+00
  1.0099390e+00
  9.5205021e-01
  9.8675754e-01
  9.8546300e-01
  1.0370585e+00
  9.3575342e-01
  9.9278148e-01
  9.8736274e-01
  9.7998270e-01
  9.8237356e-01
  1.0222102e+00
  8.9236531e-01
  1.0202855e+00
  9.8125485e-01
  9.7091654e-01
  1.0349160e+00
  1.0149348e+00
  1.0170881e+00
  9.7821869e-01
  9.9365526e-01
  1.0092833e+00
  1.0148554e+00
  1.0079352e+00
  9.4581714e-01
  9.5826920e-01
  1.0478344e+00
  1.0067314e+00
  9.7899385e-01
  9.8019911e-01
  1.0313651e+00
  1.0026911e+00
  1.0366423e+00
  9.9609992e-01
  1.0259932e+00
  1.0254450e+00
  9.8188791e-01
  1.0483493e+00
  1.0202817e+00
  1.0002184e+00
  1.0243710e+00
  9.6926146e-01
  1.0061906e+00
  9.3246756e-01
  9.6821582e-01
  1.0606797e+00
  9.8120733e-01
  1.0218754e+00
  1.0189066e+00
  9.5695755e-01
  1.0296791e+00
  9.9174295e-01
  9.8298167e-01
  9.4048788e-01
  1.0160642e+00
  1.0325397e+00
  1.0088910e+00
  1.0196961e+00
  9.8662779e-01
  9.7620498e-01
  9.7116060e-01
  1.0274506e+00
  9.4959239e-01
  9.6051583e-01
  9.8199447e-01
  1.0267455e+00
  1.0452120e+00
  1.0028082e+00
  9.7837072e-01
  1.0379990e+00
  9.9321577e-01
  1.0202616e+00
  1.0083260e+00
  1.0227619e+00
  9.0134010e-01
  9.8202543e-01
  9.1556887e-01
  1.0158308e+00
  9.6109367e-01
  9.8414476e-01
  1.0268600e+00
  9.6759906e-01
  1.0063729e+00
  9.5348022e-01
  1.0128945e+00
  1.0591542e+00
  1.0109941e+00
  9.6761849e-01
  9.9312920e-01
  9.6930482e-01
  9.8735815e-01
  1.0506942e+00
  9.7720053e-01
  1.0071900e+00
  1.0561128e+00
  1.0021943e+00
  1.0056700e+00
  9.9402092e-01
  9.6537079e-01
  1.0374671e+00
  1.0380586e+00
  9.8869550e-01
  9.8223446e-01
  1.0201237e+00
  1.0234663e+00
  9.6125239e-01
  1.0226223e+00
  1.0090119e+00
  1.0342566e+00
  9.7863556e-01
  1.0099359e+00
  1.0199234e+00
  1.0079068e+00
  9.7496384e-01
  9.7261366e-01
  1.0218133e+00
  9.4052669e-01
  1.0221779e+00
  9.7459890e-01
  9.5545059e-01
  1.0009118e+00
  9.8810249e-01
  1.0200452e+00
  1.0392111e+00
  9.9389146e-01
  1.0052765e+00
  9.4468326e-01
  1.0354713e+00
  1.0678776e+00
  9.9651441e-01
  1.0210387e+00
  1.0068998e+00
  1.0402719e+00
  1.0106788e+00
  1.0294828e+00
  9.6999486e-01
  1.0032773e+00
  1.0054220e+00
  1.0184881e+00
  9.8221635e-01
  9.6826842e-01
  9.9348726e-01
  1.0063365e+00
  9.9069839e-01
  1.0451560e+00
  9.6627154e-01
  9.5698693e-01
  1.0319877e+00
  9.7832275e-01
  1.0212791e+00
  1.0559326e+00
  9.4791482e-01
  1.0232941e+00
  9.7370933e-01
  9.3437929e-01
  1.0054541e+00
  9.9767750e-01
  1.0253272e+00
  9.7911597e-01
  9.9783494e-01
  1.0188806e+00
  9.6362185e-01
  1.0241831e+00
  1.0026690e+00
  9.5316597e-01
  1.0715817e+00
  1.0071762e+00
  1.0058994e+00
  1.0011483e+00
  9.6480972e-01
  9.6186093e-01
  9.8544277e-01
  1.0371048e+00
  1.0037699e+00
  1.0070132e+00
  1.0230196e+00
  1.0642699e+00
  1.0129778e+00
  9.8902712e-01
  9.5581106e-01
  1.0615672e+00
  1.0047920e+00
  1.0222798e+00
  1.0669535e+00
  9.8999139e-01
  9.8831189e-01
  1.0230961e+00
  1.0217187e+00
  9.4883467e-01
  9.8162079e-01
  9.4165773e-01
  1.0043427e+00
  1.0642614e+00
  1.0156666e+00
  9.9935876e-01
  1.0027688e+00
  9.9978301e-01
  9.7455639e-01
  9.6315938e-01
  9.7818922e-01
  9.8185351e-01
  1.0264509e+00
  1.0447625e+00
  1.0307933e+00
  9.9173021e-01
  1.0129503e+00
  1.0214932e+00
  9.9556764e-01
  1.0135815e+00
  1.0416091e+00
  1.0727809e+00
  9.4542099e-01
  1.0371032e+00
  9.3375619e-01
  9.5967609e-01
  1.0401077e+00
  1.0348702e+00
  9.6736789e-01
  1.0035290e+00
  1.0268639e+00
  9.5732448e-01
  9.8428132e-01
  9.7256180e-01
  9.8954926e-01
  9.8177616e-01
  9.5772417e-01
  1.0677929e+00
  1.0247371e+00
  9.5454947e-01
  1.0479083e+00
  1.0052032e+00
  1.0662503e+00
  9.7268958e-01
  9.8256931e-01
  1.0303283e+00
  9.7172483e-01
  1.0614856e+00
  1.0130107e+00
  1.0367989e+00
  9.8806476e-01
  1.0142978e+00
  1.0017157e+00
  1.0032141e+00
  9.7597353e-01
  1.0122874e+00
  9.7087012e-01
  9.4688348e-01
  9.9116688e-01
  9.7729359e-01
  1.0076781e+00
  1.0059401e+00
  9.8122010e-01
  9.9970117e-01
  1.0378248e+00
  9.7610592e-01
  9.9838237e-01
  9.9032665e-01
  9.1611886e-01
  9.7220631e-01
  1.0304988e+00
  9.6180868e-01
  9.7871634e-01
  1.0275987e+00
  9.3847406e-01
  9.8931615e-01
  9.9651234e-01
  9.8406577e-01
  9.5202759e-01
  9.9711409e-01
  1.0133713e+00
  9.1889855e-01
  1.0535806e+00
  9.4287779e-01
  9.9732991e-01
  1.0229802e+00
  9.8836065e-01
  9.8719658e-01
  9.8144871e-01
  1.0181788e+00
  9.8563433e-01
  9.8564579e-01
  9.6019133e-01
  1.0522851e+00
  9.8067184e-01
  1.0278242e+00
  1.0058425e+00
  9.5282982e-01
  9.7767349e-01
  1.0129757e+00
  9.6418841e-01
  1.0371563e+00
  9.6890921e-01
  1.0874884e+00
  9.7817737e-01
  9.8680595e-01
  9.9879390e-01
  1.0347460e+00
  9.9421111e-01
  9.8613796e-01
  9.9753561e-01
  9.9684691e-01
  9.5165497e-01
  1.0313020e+00
  9.7374231e-01
  9.8927799e-01
  1.0438606e+00
  9.9884475e-01
  9.9540730e-01
  1.0107049e+00
  9.8913659e-01
  1.0883086e+00
  1.0036652e+00
  1.0326096e+00
  1.0244619e+00
  9.3831714e-01
  9.6549839e-01
  9.9525440e-01
  1.0388066e+00
  1.0123659e+00
  9.9418849e-01
  1.0392202e+00
  1.0805463e+00
  9.1445889e-01
  9.7640211e-01
  9.9002160e-01
  1.0600138e+00
  1.0659088e+00
  9.5446023e-01
  1.0353076e+00
  9.7203871e-01
  9.8888532e-01
  9.6612881e-01
  9.9593235e-01
  9.6848098e-01
  9.7550145e-01
  9.6973557e-01
  9.9233170e-01
  1.0290045e+00
  1.0121570e+00
  9.8219908e-01
  1.0153181e+00
  1.0013408e+00
  1.0060149e+00
  1.0636354e+00
  1.0055478e+00
  1.0118291e+00
  1.0471237e+00
  1.0436103e+00
  9.1921607e-01
  9.8658901e-01
  9.4557487e-01
  1.0416593e+00
  1.0654416e+00
  9.6710057e-01
  9.9143946e-01
  1.0061210e+00
  1.0470037e+00
  9.9041379e-01
  9.4854072e-01
  1.0121365e+00
  9.9028692e-01
  9.7146743e-01
  9.8128386e-01
  1.0190843e+00
  9.2852828e-01
  9.6020771e-01
  1.0103688e+00
  9.6258269e-01
  1.0408009e+00
  1.0288243e+00
  9.5053123e-01
  1.0061784e+00
  9.8476120e-01
  9.6234789e-01
  1.0110787e+00
  1.0338014e+00
  1.0201233e+00
  1.0537684e+00
  9.5104705e-01
  9.9733320e-01
  9.9873781e-01
  1.0485791e+00
  1.0104839e+00
  1.0507945e+00
  1.0278136e+00
  9.0606736e-01
  1.0006453e+00
  1.0500096e+00
  1.0494598e+00
  9.8121525e-01
  9.8738264e-01
  1.0029850e+00
  9.8110498e-01
  9.6896155e-01
  9.9380370e-01
  8.7819638e-01
  9.7193021e-01
  1.0552959e+00
  1.0528692e+00
  9.7803263e-01
  1.0097138e+00
  9.7389331e-01
  1.0115778e+00
  1.0167150e+00
  9.5530913e-01
  1.0167443e+00
  1.0182042e+00
  9.6147291e-01
  9.5646377e-01
  1.0352240e+00
  9.8229488e-01
  1.0287891e+00
  9.4478739e-01
  1.0046900e+00
  1.0251613e+00
  1.0468738e+00
  1.0273456e+00
  9.8286708e-01
  9.8896701e-01
  1.0053516e+00
  1.0280259e+00
  1.0819680e+00
  1.0273976e+00
  1.0331531e+00
  1.0506921e+00
  1.0148023e+00
  9.8016804e-01
  9.9670718e-01
  9.7739039e-01
  9.2861610e-01
  1.0359777e+00
  1.0264473e+00
  9.9033997e-01
  1.0106965e+00
  9.8656605e-01
  1.0462737e+00
  9.6257513e-01
  1.0083869e+00
  1.0163757e+00
  9.8025145e-01
  1.0305110e+00
  1.0477422e+00
  9.6694853e-01
  9.4418072e-01
  1.0153841e+00
  9.9817340e-01
  1.0176452e+00
  9.8865427e-01
  1.0031177e+00
  1.0234408e+00
  1.0048807e+00
  9.8247284e-01
  9.9997266e-01
  9.7271152e-01
  1.0004435e+00
  1.0016972e+00
  1.0000432e+00
  9.9473066e-01
  9.6703123e-01
  9.9669981e-01
  9.6791127e-01
  1.0260631e+00
  1.0335516e+00
  1.0397830e+00
  1.0437837e+00
  1.0330582e+00
  1.0137236e+00
  1.0403922e+00
  1.0458575e+00
  9.8508043e-01
  9.7431059e-01
  9.8742343e-01
  9.5708566e-01
  9.6348798e-01
  9.8970491e-01
  9.8098202e-01
  9.4265744e-01
  1.0206634e+00
  9.8123614e-01
  1.0609607e+00
  1.0419839e+00
  9.8363472e-01
  1.0050067e+00
  9.8664091e-01
  9.9749830e-01
  1.0267844e+00
  1.0491066e+00
  1.0197157e+00
  9.9968249e-01
  9.8862458e-01
  9.4867479e-01
  1.0846451e+00
  1.0274310e+00
  1.0179786e+00
  1.0139012e+00
  9.5413850e-01
  9.7765891e-01
  9.7279609e-01
  9.7744824e-01
  9.7116275e-01
  9.5489472e-01
  1.0013189e+00
  9.6320200e-01
  9.8488066e-01
  1.0176240e+00
  9.9896583e-01
  9.9745496e-01
  1.0343309e+00
  1.0209011e+00
  1.0234667e+00
  1.0108033e+00
  9.9489308e-01
  9.3700359e-01
  1.0596104e+00
  1.0006858e+00
  9.4538533e-01
  9.8081792e-01
  9.1687454e-01
  1.0016659e+00
  1.0260400e+00
  1.0448186e+00
  9.7789537e-01
  9.9636634e-01
  9.8372336e-01
  1.0388560e+00
  9.3286324e-01
  1.0025248e+00
  9.7370823e-01
  9.6416961e-01
  1.0051928e+00
  1.0723478e+00
  1.0085961e+00
  9.9197585e-01
  1.0299189e+00
  1.0307533e+00
  1.0474870e+00
  1.0260718e+00
  1.0044158e+00
  1.0856060e+00
  1.0595705e+00
  1.0351656e+00
  1.0195683e+00
  9.8580523e-01
  1.0090231e+00
  9.8218489e-01
  1.0105610e+00
  1.0510733e+00
  1.0048036e+00
  9.9400166e-01
  1.0284718e+00
  1.0443864e+00
  1.0375253e+00
  1.0201634e+00
  9.6855990e-01
  9.9783066e-01
  1.0447194e+00
  9.7775389e-01
  1.0325624e+00
  1.0145963e+00
  1.0409676e+00
  9.9581679e-01
  9.9948476e-01
  1.0021274e+00
  9.9781486e-01
  1.0024492e+00
  9.7676382e-01
  1.0121865e+00
  9.6531275e-01
  1.0045027e+00
  1.0066948e+00
  9.8420862e-01
  1.0563944e+00
  9.6336342e-01
  9.8423978e-01
  1.0056775e+00
  9.8770354e-01
  1.0480362e+00
  9.6312313e-01
  9.7171708e-01
  1.0231621e+00
  9.9964077e-01
  9.7275831e-01
  1.0241135e+00
  1.0230136e+00
  1.0111053e+00
  9.9098787e-01
  9.4418367e-01
  9.6595822e-01
  9.3465457e-01
  1.0026278e+00
  1.0039168e+00
  9.9290068e-01
  9.6464273e-01
  9.1612371e-01
  9.4895722e-01
  9.6911982e-01
  9.8120026e-01
  1.0052136e+00
  1.0012105e+00
  9.7032170e-01
  9.8492152e-01
  9.7313082e-01
  1.0222579e+00
  9.4344545e-01
  1.0335159e+00
  9.3176690e-01
  1.0188235e+00
  1.0383061e+00
  9.9524434e-01
  9.6569372e-01
  1.0062730e+00
  1.0602854e+00
  1.0283892e+00
  9.9371161e-01
  9.8307833e-01
  1.0303667e+00
  1.0094351e+00
  1.0267562e+00
  1.0163051e+00
  1.0279061e+00
  1.0198554e+00
  1.0441172e+00
  9.8078835e-01
  1.0049108e+00
  1.0013427e+00
  1.0168151e+00
  1.0020147e+00
  9.7805902e-01
  9.6374135e-01
  1.0241995e+00
  1.0047990e+00
  1.0610529e+00
  9.5016256e-01
  1.0277947e+00
  1.0478586e+00
  1.0357665e+00
  1.0332218e+00
  1.0389344e+00
  1.0129398e+00
  1.0124551e+00
  1.0567541e+00
  9.8296094e-01
  1.0161401e+00
  9.9010481e-01
  1.0194355e+00
  1.0224813e+00
  1.0249554e+00
  1.0163401e+00
  9.2872423e-01
  9.9190500e-01
  9.9972919e-01
  9.9964875e-01
  9.9400184e-01
  1.0011659e+00
  9.5340998e-01
  9.6568116e-01
  9.5806805e-01
  1.0238506e+00
  1.0603295e+00
  1.0310516e+00
  1.0148404e+00
  1.0549928e+00
  9.6880469e-01
  1.0429087e+00
  1.0465556e+00
  9.8593026e-01
  9.8026247e-01
  9.7892378e-01
  1.0033331e+00
  9.7326938e-01
  9.9652688e-01
  1.0623266e+00
  9.8879832e-01
  9.8108968e-01
  1.0298780e+00
  1.0166871e+00
  9.7082998e-01
  9.9233696e-01
  1.0378929e+00
  1.0242639e+00
  9.7788992e-01
  1.0023866e+00
  1.0508973e+00
  9.6428447e-01
  9.4579915e-01
  1.0029041e+00
  1.0465855e+00
  9.6711523e-01
  1.0064795e+00
  9.6553676e-01
  1.0188756e+00
  1.0604305e+00
  9.6077960e-01
  1.0407779e+00
  9.5361526e-01
  9.8951855e-01
  9.9856516e-01
  1.0297284e+00
  1.0100023e+00
  9.8116610e-01
  9.5794479e-01
  1.0540406e+00
  1.0094885e+00
  1.0812344e+00
  1.0308676e+00
  9.9006202e-01
  9.5947352e-01
  9.6129184e-01
  1.0661851e+00
  1.0349998e+00
  1.0321807e+00
  1.0211329e+00
  1.0209276e+00
  1.0851691e+00
  1.0178768e+00
  1.0009890e+00
  1.0266335e+00
  1.0397079e+00
  1.0003451e+00
  1.0138570e+00
  1.0149297e+00
  1.0704654e+00
  1.0112956e+00
  1.0270506e+00
  1.0179772e+00
  1.0207300e+00
  9.9332670e-01
  9.5974693e-01
  1.0110585e+00
  9.7766781e-01
  9.8709833e-01
  1.0134674e+00
  9.9137677e-01
  9.9899770e-01
  1.0160407e+00
  1.0055105e+00
  1.0108841e+00
  1.0049085e+00
  9.8634704e-01
  1.0228153e+00
  1.0982382e+00
  1.0731753e+00
  9.7418530e-01
  9.8350873e-01
  1.0388531e+00
  1.0166705e+00
  9.9211162e-01
  9.8167890e-01
  1.0496635e+00
  1.0117224e+00
  9.5365685e-01
  9.6835651e-01
  9.6903900e-01
  9.6361689e-01
  1.0512008e+00
  9.9157553e-01
  9.9150844e-01
  9.8400706e-01
  9.4246229e-01
  9.4671249e-01
  9.5158781e-01
  1.0095116e+00
  1.0438652e+00
  1.0096763e+00
  9.4824877e-01
  1.0559068e+00
  9.5012058e-01
  9.5030449e-01
  1.0044250e+00
  1.0192987e+00
  9.3677218e-01
  1.0190743e+00
  9.9981618e-01
  9.4645013e-01
  1.0129910e+00
  1.0295006e+00
  1.0005603e+00
  9.8785094e-01
  1.0284764e+00
  9.5627200e-01
  1.0187769e+00
  9.2357247e-01
  1.0455953e+00
  9.6084061e-01
  9.5792960e-01
  1.0085135e+00
  9.7371086e-01
  1.0319408e+00
  1.0595731e+00
  1.0215991e+00
  9.7752250e-01
  1.0239532e+00
  9.4867413e-01
  1.0114279e+00
  9.9564404e-01
  9.8812729e-01
  9.6729585e-01
  9.7556612e-01
  9.9572541e-01
  9.5555052e-01
  9.9912034e-01
  9.6549780e-01
  1.0040447e+00
  9.9484713e-01
  1.0020369e+00
  9.4928641e-01
  1.0455242e+00
  1.0430528e+00
  1.0344296e+00
  1.0242240e+00
  9.5183206e-01
  9.6447642e-01
  9.7954263e-01
  1.0345478e+00
  9.9998218e-01
  9.8467947e-01
  9.7557948e-01
  1.0005725e+00
  9.9499587e-01
  1.0205108e+00
  9.9204648e-01
  1.0096225e+00
  1.0437751e+00
  9.9050422e-01
  9.3202776e-01
  9.9589560e-01
  9.9268874e-01
  1.0213025e+00
  9.4554127e-01
  1.0007763e+00
  9.4669864e-01
  9.6738265e-01
  1.0486102e+00
  9.9457132e-01
  9.8373973e-01
  1.0241446e+00
  9.6736036e-01
  9.8040989e-01
  1.0057161e+00
  9.9709619e-01
  9.7043755e-01
  9.8470909e-01
  9.6345109e-01
  1.0074983e+00
  9.9480497e-01
  9.8605825e-01
  9.9213084e-01
  9.3256746e-01
  1.0404395e+00
  1.0385957e+00
  1.0116808e+00
  9.6382894e-01
  1.0272800e+00
  1.0834247e+00
  1.0583930e+00
  1.0082004e+00
  1.0425076e+00
  1.0051706e+00
  1.0153668e+00
  1.0320837e+00
  9.5941781e-01
  1.0000545e+00
  9.5788291e-01
  9.7591194e-01
  9.4419030e-01
  9.7771002e-01
  9.8188528e-01
  1.0186138e+00
  1.0002953e+00
  9.6859291e-01
  1.0223831e+00
  1.0183217e+00
  9.8925027e-01
  1.0196051e+00
  9.9324782e-01
  9.7391233e-01
  9.9199257e-01
  9.9695879e-01
  1.0594741e+00
  9.3782016e-01
  9.8310830e-01
  1.0035089e+00
  9.8291099e-01
  1.0832159e+00
  1.0712660e+00
  1.0659160e+00
  1.0514501e+00
  9.9104860e-01
  9.2116160e-01
  1.0018374e+00
  9.9337352e-01
  9.5787924e-01
  9.6008046e-01
  1.0237225e+00
  9.7893387e-01
  9.5535921e-01
  9.8486053e-01
  1.0339633e+00
  9.7865028e-01
  1.0278646e+00
  9.9214761e-01
  1.0177257e+00
  9.9600854e-01
  9.7943672e-01
  9.8324760e-01
  1.0054884e+00
  1.0089052e+00
  1.0118094e+00
  1.0171775e+00
  1.0020394e+00
  9.7297751e-01
  1.0316957e+00
  9.8740743e-01
  1.0113443e+00
  9.5948287e-01
  1.0060492e+00
  9.7002434e-01
  1.0032630e+00
  1.0380183e+00
  9.9057904e-01
  9.6543807e-01
  9.7131250e-01
  9.8787275e-01
  9.7301169e-01
  1.0394377e+00
  1.0509892e+00
  9.5895875e-01
  1.0289810e+00
  9.6633104e-01
  9.8139383e-01
  9.4812167e-01
  1.0098381e+00
  1.0315518e+00
  1.0028418e+00
  1.0427069e+00
  9.5614791e-01
  9.7557273e-01
  9.9413649e-01
  9.5442831e-01
  1.0316027e+00
  9.8534646e-01
  9.6414073e-01
  1.0126224e+00
  1.0168365e+00
  9.9034401e-01
  9.7234113e-01
  1.0287835e+00
  9.9153532e-01
  1.0456905e+00
  9.5641179e-01
  1.0856845e+00
  1.0200793e+00
  9.7276832e-01
  1.0350280e+00
  1.0268095e+00
  9.8882013e-01
  9.8659320e-01
  9.7717885e-01
  1.0057827e+00
  9.8388094e-01
  1.0755191e+00
  1.0161937e+00
  9.4294250e-01
  9.9492550e-01
  1.0229334e+00
  1.0125100e+00
  9.7596672e-01
  1.0455860e+00
  1.0222056e+00
  9.9188386e-01
  1.0000154e+00
  1.0018847e+00
  1.0582972e+00
  9.6315508e-01
  1.0030002e+00
  1.0632941e+00
  9.8360358e-01
  1.0310309e+00
  1.0383140e+00
  9.7230857e-01
  9.6659958e-01
  9.8016043e-01
  1.0241090e+00
  1.0158318e+00
  1.0128927e+00
  9.5970391e-01
  9.8310966e-01
  1.0543888e+00
  9.9586844e-01
  9.9544809e-01
  9.8129615e-01
  1.0454556e+00
  1.0088254e+00
  1.0219094e+00
  1.0540847e+00
  9.7147458e-01
  1.0424158e+00
  1.0390323e+00
  9.5524258e-01
  9.5222976e-01
  9.9041414e-01
  1.0193428e+00
  1.0668033e+00
  9.8076280e-01
  9.8779032e-01
  9.7118512e-01
  9.8922035e-01
  9.3690497e-01
  9.9588940e-01
  1.0183178e+00
  9.9471171e-01
  9.5894636e-01
  9.7628637e-01
  9.9450891e-01
  1.0246146e+00
  9.8245820e-01
  1.0325193e+00
  9.7011931e-01
  1.0168509e+00
  1.0166344e+00
  9.5308134e-01
  1.0111303e+00
  9.9379040e-01
  9.8556969e-01
  1.0173244e+00
  9.9024336e-01
  9.6265436e-01
  9.5930869e-01
  1.0245009e+00
  9.5679701e-01
  9.9026164e-01
  1.0082483e+00
  9.9048468e-01
  1.0158736e+00
  1.0346904e+00
  1.0266165e+00
  1.0312358e+00
  9.4735791e-01
  1.0023535e+00
  9.8618376e-01
  9.7900749e-01
  1.0220504e+00
  9.9068505e-01
  9.6432909e-01
  9.6648783e-01
  9.5633365e-01
  1.0126378e+00
  9.8457751e-01
  1.0466645e+00
  1.0363421e+00
  9.8557255e-01
  1.0144853e+00
  1.0308097e+00
  1.0098396e+00
  9.6233903e-01
  9.9221264e-01
  9.7911811e-01
  1.0145247e+00
  9.9638354e-01
  1.0521294e+00
  1.0173639e+00
  9.9066800e-01
  9.9915245e-01
  9.1135486e-01
  9.8285560e-01
  1.0097596e+00
  1.0600566e+00
  9.6760627e-01
  9.9369606e-01
  1.0014447e+00
  9.9324476e-01
  1.0407607e+00
  1.0212107e+00
  1.0147539e+00
  9.9266199e-01
  9.6349898e-01
  1.0163778e+00
  9.3107719e-01
  1.0326470e+00
  9.9721156e-01
  9.8603741e-01
  9.8603007e-01
  1.0356062e+00
  9.6804063e-01
  1.0457240e+00
  9.9624006e-01
  9.9825342e-01
  1.0317340e+00
  9.8357408e-01
  1.0416167e+00
  1.0171348e+00
  9.7585055e-01
  1.0548249e+00
  9.8116023e-01
  1.0162917e+00
  9.1404954e-01
  9.9734746e-01
  1.0213700e+00
  9.7653851e-01
  9.8559796e-01
  9.8417497e-01
  1.0420169e+00
  9.5247949e-01
  1.0096285e+00
  9.7985533e-01
  1.0215666e+00
  9.8251044e-01
  1.0018718e+00
  9.9395364e-01
  1.0280578e+00
  9.5999205e-01
  1.0774020e+00
  1.0096973e+00
  1.0517820e+00
  1.0052935e+00
  1.0007384e+00
  9.8581912e-01
  1.0099053e+00
  9.1157748e-01
  9.7033478e-01
  9.4426430e-01
  1.0023839e+00
  1.0249595e+00
  1.0423601e+00
  1.0347918e+00
  1.0099910e+00
  9.8572102e-01
  1.0142446e+00
  9.6035283e-01
  9.7415091e-01
  9.5906539e-01
  1.0352215e+00
  9.9578332e-01
  9.9751456e-01
  1.0548641e+00
  1.0458510e+00
  9.6812110e-01
  1.0461902e+00
  1.0151262e+00
  1.0259163e+00
  1.0125193e+00
  9.6863074e-01
  9.8951594e-01
  1.0382613e+00
  1.0410837e+00
  9.8156031e-01
  9.7649275e-01
  1.0157812e+00
  9.3346792e-01
  9.8881425e-01
  1.0222925e+00
  9.7964982e-01
  9.8495958e-01
  9.3625789e-01
  1.0193998e+00
  9.6432564e-01
  9.6001805e-01
  9.4951282e-01
  9.8299115e-01
  9.7272606e-01
  9.8492703e-01
  1.0103331e+00
  1.0396653e+00
  9.7135846e-01
  9.8638864e-01
  9.4532382e-01
  9.8641271e-01
  9.7191365e-01
  9.4685165e-01
  1.0363296e+00
  1.0504368e+00
  1.0068060e+00
  9.7638618e-01
  1.0098771e+00
  1.0218409e+00
  1.0256449e+00
  1.0343797e+00
  9.7042407e-01
  9.7930181e-01
  1.0490047e+00
  9.6872520e-01
  1.0127208e+00
  1.0116151e+00
  9.5663436e-01
  9.5931526e-01
  1.0257102e+00
  1.0323137e+00
  1.0012150e+00
  9.4424824e-01
  1.0025197e+00
  9.5041125e-01
  1.0426949e+00
  9.4108232e-01
  9.9405643e-01
  1.0473156e+00
  1.0064800e+00
  1.0060644e+00
  1.0331262e+00
  1.0220078e+00
  1.0306117e+00
  9.9328324e-01
  1.0020592e+00
  9.6049937e-01
  9.8955737e-01
  9.7496916e-01
  9.4760741e-01
  9.6804813e-01
  1.0056054e+00
  1.0089188e+00
  9.5511473e-01
  1.0320492e+00
  9.6839333e-01
  1.0924439e+00
  1.0150236e+00
  9.6624281e-01
  1.0141963e+00
  1.0080821e+00
  1.0591539e+00
  9.4533763e-01
  1.0012868e+00
  1.0172846e+00
  9.6721230e-01
  1.0401608e+00
  9.9638346e-01
  1.0136308e+00
  1.0204406e+00
  1.0077328e+00
  1.0630238e+00
  9.8351413e-01
  9.7264751e-01
  1.0211698e+00
  9.3526166e-01
  9.3861553e-01
  1.0575695e+00
  9.7717948e-01
  1.0953048e+00
  9.7789055e-01
  9.8659417e-01
  9.7317670e-01
  1.0222941e+00
  1.0124824e+00
  1.0270411e+00
  9.7527383e-01
  1.0264774e+00
  1.0466156e+00
  1.0219150e+00
  9.3903872e-01
  1.0308528e+00
  9.5511890e-01
  1.0412071e+00
  9.8538343e-01
  1.0141208e+00
  9.9113529e-01
  1.0322685e+00
  9.8396046e-01
  9.8776988e-01
  1.0557400e+00
  9.8273946e-01
  1.0205357e+00
  9.8169892e-01
  1.0239926e+00
  1.0145520e+00
  1.0095906e+00
  9.8700766e-01
  9.8602271e-01
  9.0072736e-01
  1.0073968e+00
  1.0366686e+00
  1.0234952e+00
  9.9083938e-01
  9.6341925e-01
  1.0207236e+00
  1.0440058e+00
  1.0155549e+00
  9.7721528e-01
  1.0540902e+00
  1.0328200e+00
  9.6395093e-01
  9.8324520e-01
  9.7248000e-01
  1.0301336e+00
  9.9142485e-01
  1.0315525e+00
  9.9124995e-01
  9.6453448e-01
  1.0171740e+00
  9.8760915e-01
  1.0043206e+00
  9.8733815e-01
  1.0064207e+00
  9.8413363e-01
  1.0093104e+00
  9.5390028e-01
  1.0010619e+00
  9.6412260e-01
  1.0132091e+00
  1.0089002e+00
  9.3204996e-01
  9.7889211e-01
  1.0841833e+00
  9.9338978e-01
  1.0052932e+00
  1.0130089e+00
  1.0174035e+00
  9.5244520e-01
  9.7232672e-01
  9.8857260e-01
  1.0013663e+00
  9.9084288e-01
  1.0392143e+00
  1.0124015e+00
  1.0003222e+00
  9.5702509e-01
  9.6979767e-01
  9.5780135e-01
  1.0564040e+00
  1.0960492e+00
  1.0070536e+00
  1.0334194e+00
  1.0279133e+00
  9.5005864e-01
  1.0147603e+00
  1.0318350e+00
  9.7515170e-01
  1.0135897e+00
  9.7102139e-01
  1.0027357e+00
  1.0023874e+00
  1.0100298e+00
  1.0636439e+00
  1.0483029e+00
  1.0292206e+00
  9.5697735e-01
  9.9380816e-01
  1.0401477e+00
  9.9751748e-01
  9.7936785e-01
  1.0047980e+00
  9.5345004e-01
  1.0385861e+00
  1.0320250e+00
  9.5678268e-01
  1.0200286e+00
  9.5909066e-01
  1.0195468e+00
  9.6333796e-01
  1.0186430e+00
  9.5545901e-01
  1.0032428e+00
  1.0107688e+00
  9.7767581e-01
  9.9978072e-01
  1.0112243e+00
  1.0449173e+00
  1.0463516e+00
  9.7544834e-01
  9.9751202e-01
  1.0117544e+00
  9.5415479e-01
  9.8390724e-01
  1.0040458e+00
  9.8636109e-01
  9.6963441e-01
  9.7028754e-01
  9.5730305e-01
  1.0116318e+00
  9.6537556e-01
  9.8264412e-01
  9.6559278e-01
  1.0301933e+00
  1.0058948e+00
  1.0300720e+00
  9.9833625e-01
  9.6820525e-01
  1.0208144e+00
  1.0088425e+00
  9.2782559e-01
  9.5607052e-01
  1.0196121e+00
  1.0411738e+00
  1.0561960e+00
  1.0820616e+00
  9.6567691e-01
  1.0103455e+00
  1.0217089e+00
  1.0096051e+00
  9.8986282e-01
  1.0279922e+00
  9.9281089e-01
  1.0332375e+00
  9.7175845e-01
  1.0692087e+00
  9.9846381e-01
  1.0606474e+00
  1.0425499e+00
  9.4361022e-01
  9.3977657e-01
  9.8335726e-01
  9.7991316e-01
  9.8663211e-01
  1.0531887e+00
  9.7674159e-01
  9.9572348e-01
  9.8447557e-01
  1.0037505e+00
  9.8080038e-01
  9.8705744e-01
  9.9474074e-01
  9.7798230e-01
  9.7693739e-01
  1.0598827e+00
  9.3311267e-01
  1.0384656e+00
  9.8198585e-01
  9.6951957e-01
  1.0189767e+00
  1.0242398e+00
  1.0011575e+00
  9.9709318e-01
  9.7891965e-01
  9.7858791e-01
  1.0085571e+00
  1.0010756e+00
  9.8161652e-01
  9.9762474e-01
  1.0522567e+00
  1.0619012e+00
  1.0033721e+00
  9.7168789e-01
  9.9114725e-01
  1.0128328e+00
  9.8631887e-01
  1.0152706e+00
  9.8200218e-01
  9.6554800e-01
  1.0430939e+00
  9.8407887e-01
  9.6145781e-01
  9.8956945e-01
  9.9578519e-01
  1.0592075e+00
  9.6672949e-01
  9.9856857e-01
  9.8751271e-01
  1.0115190e+00
  1.0521731e+00
  9.9325547e-01
  1.0073099e+00
  9.9275648e-01
  9.3596187e-01
  9.6358071e-01
  1.0021330e+00
  9.8650439e-01
  9.4943713e-01
  9.5649799e-01
  9.9251496e-01
  1.0510078e+00
  9.8585773e-01
  9.9715398e-01
  1.0122205e+00
  1.0168491e+00
  1.0106522e+00
  1.0361192e+00
  9.8032547e-01
  9.7848722e-01
  1.0532453e+00
  9.7825594e-01
  8.8952026e-01
  1.0083615e+00
  1.0012377e+00
  9.7166420e-01
  9.5852383e-01
  1.0924198e+00
  1.0533936e+00
  1.0087885e+00
  9.9175072e-01
  1.0255361e+00
  9.6459569e-01
  1.0163277e+00
  1.0335408e+00
  9.7271240e-01
  1.0583762e+00
  1.0060113e+00
  1.0541593e+00
  9.9208485e-01
  1.0147375e+00
  1.0067800e+00
  1.0520765e+00
  1.0103091e+00
  9.9369857e-01
  1.0094847e+00
  1.0236574e+00
  9.5167735e-01
  1.0056451e+00
  9.7387433e-01
  9.4698247e-01
  9.3915904e-01
  9.7779002e-01
  1.0056341e+00
  1.0116302e+00
  9.6480085e-01
  1.0008676e+00
  9.3745984e-01
  9.8891228e-01
  1.0220733e+00
  9.7106983e-01
  1.0561010e+00
  1.0234910e+00
  9.7195650e-01
  9.8110715e-01
  9.6614195e-01
  1.0565433e+00
  1.0392124e+00
  1.0141939e+00
  9.8611662e-01
  1.0067042e+00
  1.0001274e+00
  9.3730834e-01
  1.0053195e+00
  9.9891556e-01
  1.0111059e+00
  1.0146411e+00
  9.8216609e-01
  9.9675537e-01
  9.5854969e-01
  9.8283367e-01
  1.0293695e+00
  9.9253000e-01
  1.0151058e+00
  1.0236895e+00
  1.0060280e+00
  9.9263174e-01
  1.0498500e+00
  1.0311029e+00
  1.0115778e+00
  9.9325358e-01
  1.0105890e+00
  1.0083356e+00
  9.7112975e-01
  9.9325192e-01
  1.0251266e+00
  1.0343909e+00
  1.0169417e+00
  9.8111481e-01
  9.4297917e-01
  9.7391425e-01
  9.5747782e-01
  9.8055838e-01
  1.0074112e+00
  9.7576031e-01
  9.8658327e-01
  1.0557305e+00
  1.0010860e+00
  1.0092330e+00
  9.7782261e-01
  1.0066588e+00
  9.8788217e-01
  9.6761665e-01
  1.0208425e+00
  9.8731027e-01
  1.0377417e+00
  1.0107442e+00
  1.0057674e+00
  1.0018266e+00
  9.3533547e-01
  9.8839490e-01
  9.6730896e-01
  9.6701747e-01
  1.0046759e+00
  1.0227709e+00
  9.7587638e-01
  1.0036983e+00
  9.8464786e-01
  9.9904580e-01
  1.0148996e+00
  1.0285594e+00
  9.9731110e-01
  9.6844120e-01
  1.0399336e+00
  9.3710122e-01
  9.9760357e-01
  1.0048460e+00
  9.6289957e-01
  9.6970207e-01
  9.1453618e-01
  9.7302059e-01
  1.0071171e+00
  9.8951831e-01
  9.9602852e-01
  1.0082239e+00
  9.7380828e-01
  1.0260287e+00
  9.9659429e-01
  9.8461399e-01
  9.6179870e-01
  9.8843130e-01
  1.0311980e+00
  1.0410821e+00
  9.9798761e-01
  9.8741440e-01
  1.0175555e+00
  1.0066823e+00
  1.0383529e+00
  9.8297072e-01
  1.0024082e+00
  9.9515302e-01
  9.6550118e-01
  9.6996956e-01
  9.6083136e-01
  1.0023270e+00
  9.6397010e-01
  9.7435355e-01
  9.9454067e-01
  9.7612117e-01
  1.0021882e+00
  1.0002384e+00
  1.0548602e+00
  9.6863623e-01
  1.0450120e+00
  9.0373709e-01
  9.7354903e-01
  9.5359257e-01
  1.0295573e+00
  9.9619175e-01
  9.5920169e-01
  1.0011176e+00
  1.0246619e+00
  1.0416951e+00
  9.8981017e-01
  1.0662818e+00
  1.0687806e+00
  9.5240024e-01
  9.6378248e-01
  1.0498786e+00
  1.0097256e+00
  1.0509332e+00
  9.7852401e-01
  1.0129522e+00
  9.8348775e-01
  9.5983067e-01
  9.7226369e-01
  9.9557345e-01
  1.0491892e+00
  9.4719896e-01
  9.8517048e-01
  9.8577809e-01
  9.2046575e-01
  1.0411160e+00
  1.0047277e+00
  9.8314372e-01
  1.0581200e+00
  9.2014518e-01
  9.9697434e-01
  1.0059562e+00
  9.7256634e-01
  1.0013634e+00
  1.0497471e+00
  1.0350788e+00
  9.7550070e-01
  9.7765763e-01
  9.8226440e-01
  9.7695924e-01
  9.6665337e-01
  1.0312181e+00
  9.2406697e-01
  9.8741202e-01
  1.0463366e+00
  1.0030543e+00
  1.0270320e+00
  1.0221513e+00
  1.0030249e+00
  1.0322919e+00
  1.0143909e+00
  1.0374257e+00
  9.9537162e-01
  1.0099970e+00
  1.0598761e+00
  1.0264676e+00
  9.5876857e-01
  1.0225618e+00
  1.0137217e+00
  9.7709891e-01
  9.5661779e-01
  9.8645793e-01
  9.3721680e-01
  1.0209657e+00
  9.9406334e-01
  1.0374160e+00
  9.6306297e-01
  1.0197617e+00
  1.0100001e+00
  9.7462747e-01
  9.8365837e-01
  1.0371696e+00
  9.9381188e-01
  1.0035094e+00
  1.0205491e+00
  1.0204004e+00
  1.0358743e+00
  1.0223690e+00
  9.6467397e-01
  1.0367312e+00
  9.4912635e-01
  1.0291586e+00
  9.4377837e-01
  1.0512554e+00
  9.9921455e-01
  9.9731254e-01
  1.0030993e+00
  9.6973388e-01
  1.0245171e+00
  9.7687936e-01
  1.0087672e+00
  9.8506569e-01
  9.4760107e-01
  1.0505469e+00
  1.0219806e+00
  1.0000710e+00
  9.8585245e-01
  9.8385893e-01
  1.0725910e+00
  9.8196214e-01
  9.7748726e-01
  9.7306757e-01
  1.0042635e+00
  9.3700535e-01
  1.0451200e+00
  1.0157452e+00
  9.8667396e-01
  1.0020861e+00
  1.0884064e+00
  9.5641963e-01
  1.0091445e+00
  9.5665960e-01
  1.0203210e+00
  9.7154373e-01
  9.8886994e-01
  9.7437995e-01
  1.0375057e+00
  9.8089615e-01
  9.8844306e-01
  1.0461353e+00
  1.0183295e+00
  9.9867206e-01
  1.0405177e+00
  1.0262259e+00
  9.6104575e-01
  1.0092365e+00
  9.8239903e-01
  9.6192229e-01
  1.0484221e+00
  1.0907448e+00
  9.4608858e-01
  9.8986957e-01
  1.0338677e+00
  9.9208251e-01
  1.0430714e+00
  1.0128826e+00
