  -8.3958739e-01
  -1.6605510e+00
   3.0124866e+00
   1.5008405e+00
  -3.5899163e-01
  -1.1487933e-01
   3.5890115e-01
  -1.2137355e-02
  -5.7035976e-01
   9.3403477e-01
  -1.1383168e+00
   1.9572382e+00
  -1.7632295e+00
  -3.2333433e-01
   8.7259219e-01
   1.1791539e-01
  -1.5030548e+00
   9.2183522e-01
   1.6324491e-01
  -8.1467084e-01
   4.0371009e-01
   7.5615741e-01
   2.1844397e+00
  -9.3782544e-02
  -2.9420609e-01
  -5.0480559e-01
  -1.9269990e+00
   5.2138067e-01
  -2.0544112e+00
  -2.6983751e-01
  -2.7503206e-01
   8.4514475e-01
  -2.7711814e+00
   9.1807491e-01
  -5.1925434e-01
  -1.2930122e+00
  -8.7180927e-03
   2.3335268e-01
  -4.2419570e-01
  -1.4694487e+00
   1.2064203e+00
   1.9734222e-01
  -7.0687553e-01
   1.2163673e+00
   3.6717042e-01
  -1.2675156e+00
   6.2105007e-01
  -1.7954546e+00
  -1.0578395e+00
   1.5154448e-01
   4.1126407e-01
   7.0497786e-02
  -1.9330266e+00
   8.1872201e-01
   1.2617571e+00
   1.1673429e+00
  -5.7032999e-01
  -3.9389757e-01
  -1.0174340e+00
   2.5020587e-01
   2.5212481e-01
  -7.7147891e-01
   9.1954546e-01
   8.5215755e-01
   6.5712619e-01
  -7.5346434e-01
  -1.3385018e+00
   6.5222508e-01
   1.4472167e+00
  -1.2901260e+00
  -2.2081892e+00
   1.4361081e+00
  -6.1672203e-02
   1.1778065e+00
   9.8551342e-01
  -1.2185784e+00
  -4.3187829e-01
  -8.3494129e-01
   1.7968010e-01
   1.1663024e+00
   5.5985942e-02
  -2.1000418e+00
   1.2352971e+00
   2.6715270e-03
  -4.5953679e-01
  -2.1031766e+00
   3.7392168e-01
   2.4518051e-01
   3.3857920e-01
  -1.0780652e+00
  -7.3016233e-01
  -9.1632727e-01
   1.7875532e+00
  -8.2040353e-01
  -1.9671134e-01
  -8.9014374e-01
   9.1074861e-01
  -1.2265250e-02
   7.2814482e-02
   9.3941631e-01
   6.7523734e-01
   7.8596852e-01
  -2.1327407e+00
   2.1992964e-01
   9.6628554e-01
   3.4999411e-01
   9.0181528e-01
   2.1211884e+00
   1.2485867e+00
  -1.1231858e+00
  -8.3008507e-01
  -1.2177874e-01
  -6.4259106e-01
  -7.8949967e-02
   1.2281128e+00
  -5.3136584e-01
  -2.8610480e-01
  -2.2760565e-01
   6.7452317e-01
   1.0368400e+00
  -1.4946252e-01
  -3.1708134e-01
   9.3359467e-01
   7.2328409e-01
   4.8818481e-01
   3.2661987e+00
   3.1700758e-02
   3.4127493e-01
  -8.3530989e-02
   6.1642109e-01
  -5.2499919e-01
   1.0077067e+00
   1.8291022e+00
   8.5288069e-02
  -6.8324725e-02
  -5.6346541e-01
  -4.7357406e-01
  -1.7035345e+00
  -5.3720048e-02
  -8.8134407e-01
   1.2558914e+00
   1.5584155e-01
   5.4932681e-02
   1.3985524e+00
  -1.7756484e+00
   3.2965406e-01
  -1.0579028e+00
  -6.4336916e-01
   2.5844079e-01
   8.9169430e-01
  -8.3662241e-01
   5.5314825e-01
   1.4584093e+00
  -8.5508218e-01
  -9.9212262e-01
  -1.1699417e-02
   6.2691073e-01
   1.4992170e-03
  -8.1632674e-01
   1.1514754e-01
   2.0706866e-01
  -4.4456181e-01
  -1.1204897e+00
   4.3535796e-01
   1.7088634e-02
  -3.6298563e-01
  -6.3123748e-01
  -5.0032498e-01
  -8.6719317e-01
  -1.0400932e+00
   1.2654315e+00
  -2.4145786e-01
  -1.7290314e+00
  -4.8824088e-01
   1.0603843e+00
  -5.3815397e-01
   1.7773377e+00
  -7.7951879e-01
  -7.5297192e-01
  -1.0331334e+00
   1.1638385e+00
  -5.8010606e-01
   4.1730239e-01
  -1.6481250e+00
  -5.7267546e-01
   6.5923204e-01
  -1.2804016e+00
   5.0124050e-02
   5.4840294e-01
   1.7784467e+00
   6.4108717e-01
   9.4670338e-01
  -3.5425499e-01
  -5.7881717e-01
   5.6473317e-02
  -8.9332269e-01
   1.1220779e+00
   7.7582877e-01
   9.6249562e-01
   1.2607841e+00
  -1.0791852e-01
  -5.7715755e-01
   5.2563260e-01
   1.1519597e+00
   8.5837886e-01
   9.4557620e-01
   1.5061304e+00
   2.9533794e-01
   1.2040969e+00
  -1.1845806e-02
   7.8950035e-01
  -1.4035822e+00
   1.5421061e+00
  -1.7749068e+00
   2.0565654e-01
  -3.4620991e-01
  -1.1589828e+00
   3.3582634e-01
   3.3224306e-01
   1.4112094e+00
   1.3686292e-01
   5.7762813e-01
   2.4308799e-01
   1.4676711e+00
   1.1305540e+00
   1.0653161e-02
   1.2433369e-01
   1.7794311e+00
  -2.3947227e-01
   8.5799247e-01
  -8.7835478e-01
  -7.6194602e-01
   8.6278270e-01
   6.4830514e-01
   1.0580923e+00
  -6.3319139e-01
   1.0179894e+00
   1.7192567e-01
  -4.7474088e-02
   1.6891455e+00
   1.4370445e+00
  -2.2510783e+00
   3.5648913e-01
  -8.5024155e-01
  -2.9955104e-01
  -6.3424859e-01
   1.6244774e+00
   1.2410701e+00
   5.5528054e-01
   7.0341762e-01
   4.5816334e-01
   6.8398399e-01
   2.5128958e-01
  -1.7850390e-01
   5.0772583e-01
  -3.0989912e-01
  -3.9437025e-01
  -2.6973854e-01
  -8.8130172e-02
   8.0292744e-03
   2.5317956e+00
  -1.2232431e+00
  -1.0717506e+00
   2.4605865e-01
  -5.0611477e-02
  -7.3015063e-01
   3.2698713e-01
   7.5299091e-01
  -1.1537215e+00
  -4.0786705e-01
  -1.2879064e+00
   8.3577687e-02
   1.6379930e-01
   6.8257471e-01
  -1.0863676e+00
   2.9749238e-01
  -1.4330826e-01
   1.3919537e+00
   3.0674737e-01
  -5.3718420e-01
  -2.2893224e-01
  -5.3622040e-01
   1.4390213e+00
  -5.1109969e-01
  -1.6068354e+00
  -2.0124302e-01
   1.1435034e+00
   6.6329108e-01
   1.6408437e-01
   1.7854055e+00
  -5.8771148e-01
   2.5903631e-01
  -8.7183352e-01
  -7.8791653e-01
  -3.4433974e-01
   6.4761709e-01
   2.0541267e+00
   7.9894175e-01
  -1.0710775e+00
  -2.0515549e-01
  -5.5444310e-01
  -2.9294310e-01
   1.1802320e+00
   3.7739506e-01
   9.9157436e-01
   6.0345188e-01
  -7.9288612e-01
   9.3081805e-01
  -1.3503883e+00
   7.9978948e-01
   5.9963742e-01
   1.1004289e+00
  -1.4197418e+00
  -2.0363609e-01
   1.7913067e-02
   1.0035144e-01
   8.7635660e-01
   7.0069421e-01
   6.5201577e-01
   1.7853039e-01
   1.6760104e+00
  -3.2509744e-01
   1.0114783e-01
  -5.7669223e-01
  -6.1528110e-02
   7.2558776e-01
  -1.2273418e+00
   1.9093060e-01
  -7.3481838e-01
   7.8838452e-01
  -1.9653822e+00
  -1.9555242e+00
   1.6242935e+00
  -1.4942006e-01
  -1.9682681e+00
  -1.6861375e+00
  -8.6921689e-02
   3.0738609e-01
   3.3754561e-01
   1.0669918e+00
   3.3294152e-01
  -7.3483651e-02
   1.0477568e+00
   2.0588629e+00
   2.6693350e-02
  -2.4052429e-01
   1.0384752e+00
  -5.0722529e-01
  -1.4830797e+00
  -1.0648791e-01
   2.4526394e-01
   1.4579303e-01
  -1.1180854e+00
  -5.9694114e-01
  -6.7948815e-01
   9.5505445e-01
  -1.3080054e-01
   6.4940418e-01
   5.9851504e-01
  -1.9250056e-01
  -1.9807989e+00
   3.6293827e-01
   7.0394960e-01
  -7.5259694e-01
  -1.6917471e-02
  -4.4166418e-01
   1.7013348e+00
  -3.0569220e-02
   2.0391776e-01
  -1.0478102e+00
  -7.3537036e-01
  -1.3565626e+00
   7.2858558e-01
   6.0718685e-01
  -8.2828538e-01
   2.8876443e+00
   9.1913541e-01
   4.0578904e-01
   1.9161839e+00
  -2.4556876e+00
  -9.1063410e-02
  -2.4680046e-02
   1.9993605e-01
  -1.0383147e+00
   5.2936683e-01
  -2.2171188e+00
   1.0741638e-01
   4.3890941e-01
  -4.0993407e-02
   3.6430918e-01
  -7.6369762e-01
   5.4952405e-01
  -3.7463762e-01
  -1.6591589e+00
  -3.1022860e-01
  -6.1994303e-01
  -1.0245912e+00
   5.0499851e-01
   4.0473113e-02
  -2.5473023e-01
  -5.4773592e-01
   1.6765939e+00
   1.1730029e+00
  -1.8906131e-01
   8.6572643e-02
   1.5125601e+00
   1.7932707e+00
   1.1026205e+00
  -3.2584746e-01
  -5.8281492e-01
   7.5158724e-01
  -8.6373432e-01
  -1.0708756e+00
  -3.5523680e-01
   9.5587957e-01
   1.5928165e-01
   2.4494181e-01
   1.1247497e+00
   2.3462792e-01
  -1.1385625e+00
   8.4209364e-01
   4.7634184e-01
  -8.8389690e-02
  -4.1303563e-01
  -5.4458331e-01
  -2.4006686e-02
  -8.0051366e-01
  -5.1219037e-01
  -1.4866754e+00
  -5.1864189e-01
  -6.9322905e-01
   5.7765178e-01
   1.4549670e+00
   1.0354848e+00
   1.0468235e+00
   6.7621054e-01
   5.4659461e-01
   7.4998867e-01
  -7.2983898e-01
   8.3320245e-01
  -1.1985504e+00
   6.1877348e-01
  -8.3241264e-01
  -9.7049481e-01
  -4.5351080e-01
  -1.3027075e+00
   1.5974798e-02
   1.1106592e+00
  -2.4937389e-01
   4.9570163e-01
   1.6203749e-01
   1.2118210e+00
  -1.5831558e-01
   2.9297104e-01
   2.4677144e+00
   1.1462338e+00
  -9.3384311e-01
   1.1197921e+00
  -9.2422674e-01
   9.9069600e-03
   2.8936686e-01
   8.7000305e-01
  -3.9726179e-01
   5.3785778e-01
   1.7697367e+00
  -1.9054850e+00
  -1.0767481e+00
   1.1949409e+00
  -2.9394846e-01
  -3.8177810e-02
   9.2393457e-01
   2.2230611e+00
  -1.3018954e+00
  -9.0899084e-01
  -7.7500170e-02
   5.1044732e-04
   1.0685544e-01
  -3.1246453e-01
   1.2196467e+00
  -9.0956139e-01
   2.0397663e-01
   9.8974745e-01
   3.7519958e-01
  -6.2212621e-01
   1.2055499e-01
  -3.1739604e-01
  -5.9968385e-01
   1.3531539e+00
  -1.9766765e-01
  -5.7800196e-01
  -7.5596950e-01
   1.2119893e-01
  -1.4958414e+00
  -1.6461589e+00
   1.9289750e-01
  -1.2897696e+00
  -3.9984896e-01
   7.7540305e-01
   9.2214998e-01
   1.5445358e+00
  -1.0095623e+00
   8.5670638e-01
   3.2528654e-01
   1.2524388e+00
   2.2015858e-01
   8.1519668e-01
   1.1394222e+00
  -4.1171096e-01
  -4.6106510e-01
  -1.3290486e+00
  -8.7500182e-02
   3.5544599e-01
  -7.4313873e-01
   7.2030684e-02
  -3.5640336e-01
  -4.3169178e-01
   7.7932818e-01
   8.1632458e-01
   1.1483040e+00
  -1.0849599e+00
  -1.3612227e-01
   6.5509173e-01
  -1.2934611e+00
   1.9267400e+00
   2.3325175e-01
  -5.4502235e-01
   1.0328125e+00
   3.7713655e-01
   1.0925533e-01
  -6.8018830e-01
  -1.7653924e+00
  -9.6356772e-01
  -6.4563264e-01
   4.5252778e-01
   6.1449822e-01
  -7.8530065e-01
   8.2817619e-01
   6.6741701e-01
  -1.2550088e-01
  -9.5122887e-01
   8.9204000e-01
  -1.2972158e-01
  -1.0134851e+00
   2.5228702e-01
   5.2358533e-01
  -1.4616296e+00
   1.8664056e+00
  -2.1490520e+00
  -1.6352367e+00
   1.2240191e+00
   3.2517401e-01
  -4.2891304e-01
   1.1596089e-02
   7.3131847e-01
  -8.6802276e-01
   9.2815958e-01
   6.9731676e-01
  -4.5150343e-02
   1.9121114e-01
  -6.2876296e-01
  -8.5661321e-01
  -3.8871274e-01
   1.0285085e+00
  -2.3972032e-01
  -4.5162277e-01
  -9.7926722e-01
  -1.1334473e+00
   2.2120893e-02
   1.0402395e+00
   1.2314841e+00
   5.6017942e-01
  -3.0903867e-01
  -3.6760408e-01
   3.6563336e-01
   9.3743870e-01
   9.7424370e-01
  -2.1189240e+00
  -4.6464742e-02
  -9.6678090e-01
  -4.7124902e-01
   1.7352274e+00
  -7.7753013e-01
  -1.6837974e+00
   1.7702710e-01
  -1.2447754e-01
  -4.1555486e-01
   8.7945826e-01
   5.6612811e-01
   3.7591699e-01
  -2.7695383e-01
   3.5009853e-01
  -2.9130716e-01
   1.8607806e-01
   5.7659945e-01
   3.3965727e-01
  -6.7282710e-01
  -5.3701369e-01
  -1.0401578e+00
   9.9728432e-01
  -2.6053949e-02
  -6.5699920e-01
   6.7774562e-01
  -5.1083413e-01
   4.4600463e-01
   1.5166346e+00
   9.3775628e-01
  -1.6016268e-01
  -1.1383812e-01
   1.9371262e+00
  -1.7079881e-01
   3.0116854e-01
   3.2598869e-01
   9.2483667e-01
   2.1529123e-01
   3.6624931e-01
   3.2215091e-01
   2.6890035e+00
   8.7606887e-01
  -8.7649001e-01
  -1.2174470e+00
  -1.6148397e+00
   1.8400805e+00
  -8.1892576e-01
   9.9213557e-01
   5.3381779e-01
  -1.5267271e+00
   2.0228592e+00
   5.5229595e-01
   1.8201424e+00
   3.4264449e-01
   1.7956149e-01
  -1.0193183e+00
   3.7599465e-02
   1.3712330e-01
  -1.5210523e+00
  -1.8918453e-02
   1.6324668e-01
  -7.2115068e-01
   4.1060336e-01
  -1.2126311e+00
  -5.7374469e-01
   1.0539219e-01
  -6.0509605e-01
   4.2179462e-01
  -3.6280894e-01
  -8.7411518e-01
   9.3159389e-01
   6.0004206e-01
   5.7136069e-01
   6.8511019e-01
   1.0094205e+00
   9.9087072e-01
   3.3690533e-02
  -4.5027003e-01
  -1.1065628e-01
   1.2378587e+00
  -1.1978601e+00
  -5.6439393e-01
   1.0433086e+00
   8.4600172e-01
  -4.9553620e-01
  -2.0681771e-01
  -1.5579616e-01
  -2.7539808e-01
  -2.4432491e+00
  -4.2732284e-01
   3.0906039e-01
   2.4515752e+00
  -1.4626280e+00
  -6.3554156e-01
  -3.8547285e-01
  -9.4227755e-01
  -6.7377310e-01
  -1.9242439e+00
  -1.1241763e-01
  -5.1850946e-01
   5.3498250e-01
   5.7407891e-02
   1.0658172e+00
   1.6207366e+00
   1.2185369e-01
  -1.2380409e+00
   2.4412558e-01
   1.3982582e+00
  -9.5473333e-02
   3.8762274e-01
  -9.6631458e-01
   1.5091863e+00
   4.0383074e-01
  -4.2214127e-01
  -1.6740241e+00
  -6.8763015e-01
  -1.0271854e+00
  -4.9255750e-01
   3.4680832e-01
   8.2935248e-01
   1.5563256e-01
   8.3713866e-02
   3.7461680e-01
   2.6532022e+00
   3.3271397e-01
   1.4077083e-01
   1.5778350e+00
   8.9547741e-02
  -6.7298373e-01
   9.3189346e-01
  -3.5789040e-01
   2.0210165e-01
   8.7625037e-01
   8.0794833e-01
  -1.6033339e+00
  -2.3620519e+00
  -7.0170011e-01
   1.6519033e+00
   2.3507284e-01
  -1.5175278e-01
  -1.5588861e-01
   1.0381647e+00
   3.3048379e-01
   4.7580663e-01
  -2.0905018e+00
  -1.7403482e-01
   1.9188173e-02
  -8.6002734e-01
  -2.2949442e-02
  -6.0231726e-01
   8.6990179e-01
  -5.7081246e-01
   1.3046795e+00
  -4.2644228e-02
   8.9553077e-01
   2.2848560e+00
   6.6827382e-02
   1.4945894e+00
  -1.0724642e+00
   1.8233446e+00
  -1.2084292e+00
  -6.5391595e-02
  -3.2683633e-01
  -1.1491507e+00
  -1.3080417e+00
   6.4638296e-01
  -1.3892035e+00
  -1.3406826e+00
   1.1288720e+00
   1.6961295e-03
   3.7968389e-01
  -9.0133163e-01
  -1.9679434e-01
   3.0694151e-01
   1.6745668e-01
   1.7880788e+00
  -6.2408245e-01
  -1.4996092e-01
   8.3221505e-01
   9.4809110e-01
  -1.9737376e+00
  -3.9187865e-01
  -6.7671123e-01
  -1.6020988e-02
   5.1517479e-01
   4.4482965e-01
   1.1408983e+00
   4.4768101e-01
   3.1544024e-01
   9.4559153e-01
   4.2866311e-01
  -1.3246069e+00
   1.0982152e-01
  -1.6547219e+00
   1.1106722e+00
  -2.1078617e+00
  -5.4983693e-01
   9.4260745e-02
  -3.8219800e-02
   1.8829274e+00
   5.5460684e-02
  -6.1389014e-01
   5.8701661e-01
  -1.2067089e+00
   5.4533054e-01
   2.5093038e-01
  -3.9274747e-01
  -6.2204193e-01
  -1.1904767e+00
  -1.8784667e+00
  -4.2400841e-01
   7.7724193e-01
  -7.1392600e-01
   1.5846397e+00
  -8.8831132e-01
   2.1408295e+00
  -6.9217812e-01
   9.9297348e-02
   1.4349784e+00
   1.2334012e+00
  -7.5764454e-01
   7.3857814e-01
  -1.1143612e+00
  -1.7058691e+00
   6.6116235e-01
  -1.7296420e+00
  -2.1380735e+00
  -6.0047665e-02
   1.3856907e+00
   1.2178159e+00
  -1.4950508e+00
   3.7283100e-02
   8.0287087e-01
   9.7385359e-01
   1.5607339e+00
   1.5862495e+00
   8.5629778e-01
  -1.4244830e+00
   3.9702337e-02
  -1.3799116e+00
   1.2330709e+00
   1.7420764e+00
  -2.0014951e+00
   8.3549699e-01
  -3.4281833e-01
  -4.7796210e-01
  -8.8910141e-01
   1.2634291e+00
   3.8320116e-01
  -1.1886736e-01
   4.1724716e-01
   1.0132218e+00
  -8.6951749e-01
  -7.9468048e-01
   6.8850228e-01
   1.5856729e+00
   1.2501788e+00
  -1.1560351e-01
  -1.3317697e+00
  -2.3428056e+00
  -9.2656333e-01
   1.1295675e+00
  -5.4912753e-01
   2.8373170e-01
   2.1277932e-01
  -2.2027632e+00
   1.2510730e+00
   2.0247050e+00
  -3.8896715e-02
   9.9858363e-01
  -7.5733370e-01
   5.9614514e-01
   2.1232170e+00
   1.3117254e+00
  -6.9994151e-01
  -1.0196133e+00
   5.3114787e-02
  -2.3701917e-01
  -6.2735983e-02
   1.2711091e+00
   2.2113837e-01
   1.6640232e+00
  -4.2959875e-02
  -1.3323545e-01
   7.9319983e-01
   4.2627254e-01
  -2.0990186e-01
  -1.5881591e+00
  -1.1163807e+00
   6.1685504e-01
   5.4346425e-01
  -1.4678960e+00
   1.1990833e-01
   5.2935550e-01
  -1.1752443e+00
  -9.9821525e-01
   1.1940423e+00
  -1.7536975e+00
   4.4652935e-01
   9.7805995e-01
  -1.7912573e+00
  -1.3018900e-01
  -1.1752373e+00
   8.9962083e-02
  -4.2216589e-01
  -1.6509336e+00
   6.1796865e-01
   5.9616028e-01
  -6.1843733e-01
   5.2787538e-01
  -1.3443181e+00
  -1.2347653e+00
  -1.1534399e+00
  -1.0932804e-01
  -5.2419476e-01
   1.9112984e+00
  -7.1106032e-02
   5.6183537e-01
   5.7407171e-01
   3.7173356e-01
   1.9169388e-01
   1.2440852e+00
  -1.1641598e+00
   1.6352697e+00
   6.8632968e-01
  -1.1494866e+00
   1.1101573e+00
   1.1825638e+00
   1.7073281e+00
  -4.2031542e-01
   1.6393777e+00
   2.6346851e-01
  -1.4634831e+00
  -7.7617098e-01
   9.2948801e-01
   1.7929577e+00
  -1.1831518e+00
  -1.1117586e-01
  -6.5676581e-01
   1.8797341e+00
  -8.9608088e-01
   1.3315057e+00
  -6.2457313e-01
   7.7667888e-01
  -1.3242537e+00
   1.5002767e+00
  -2.2029029e+00
   3.2251470e-01
   4.2100445e-01
  -8.2070114e-01
  -9.6645875e-01
   6.0934820e-01
  -1.0362114e+00
  -2.8237518e-02
  -2.8197668e+00
  -2.0810495e+00
  -4.4753129e-02
   1.1179550e+00
  -1.6495036e+00
   6.7866722e-01
   4.9432325e-01
  -5.8846858e-01
  -2.3924660e-02
   2.1913130e+00
  -1.4005810e+00
   4.8009949e-01
   2.0755068e-01
   3.2208477e-01
  -5.8804828e-03
   2.8138908e-01
  -2.5133924e-01
  -1.6934595e+00
  -5.8401619e-01
   2.3444273e-01
   2.5878622e-01
   6.0365642e-01
   2.2209654e+00
  -1.6541306e+00
   6.8041050e-01
   1.3582931e-01
  -3.7987452e-02
  -6.9313723e-01
  -1.2752501e-01
   6.8036184e-01
   4.2621460e-01
  -1.6056695e+00
   9.0621075e-01
   2.4951414e-01
   1.8942282e+00
  -1.1123787e+00
  -7.2204177e-01
  -1.7521868e+00
   3.6123135e-03
   9.9514429e-01
  -4.7896935e-01
  -5.1910136e-01
  -2.9465974e-01
  -1.6054991e-01
   1.0235161e+00
   1.5894737e-02
  -4.8265707e-01
   6.3467451e-01
  -1.3644380e+00
   5.9862480e-01
  -2.0649811e-01
   2.1393663e+00
  -6.4881377e-01
   4.2359224e-01
   1.1786535e-01
  -1.0807785e+00
   8.7552669e-01
  -2.2262817e+00
  -1.9461113e+00
  -1.3095947e+00
   1.3056231e+00
   9.8396953e-01
  -1.2513864e+00
  -1.7975379e-01
  -7.4340645e-01
   2.3324192e-01
   2.1013448e+00
  -8.7666631e-01
   1.9487885e+00
  -4.6527218e-01
  -6.5191720e-01
   6.0963059e-01
   7.0912402e-01
   2.7979604e-01
  -1.4674561e+00
  -6.9131731e-01
  -8.6798846e-01
  -5.1250774e-01
  -7.8208649e-01
   4.2578916e-01
   1.0115405e+00
  -2.5066737e-01
   5.5423606e-01
   7.5888080e-01
   1.3384266e-01
  -2.7256150e-01
  -5.4262765e-01
  -1.1631046e+00
  -2.7351740e-01
   1.5950387e-01
  -1.8670812e-01
   2.1790415e-01
   4.6238300e-02
   6.7032497e-01
  -6.3050094e-01
  -1.1841016e-01
   2.4206458e-01
  -3.7608463e-01
   2.8044441e-01
  -1.7744521e+00
   4.5857781e-01
   4.6182289e-01
  -1.1874866e-03
  -3.5293875e-01
  -4.3299126e-01
  -1.7047741e+00
   1.0957167e+00
   6.3577212e-01
  -1.0871843e+00
  -1.4772654e+00
  -3.8524941e-01
   6.8083666e-01
   8.3264935e-01
   5.3459824e-01
   7.6802457e-01
   1.7548877e+00
  -1.7043124e+00
   4.6950822e-01
  -5.4303845e-02
  -7.4887498e-01
   7.1676404e-01
  -5.5129014e-03
   1.2001143e+00
  -1.0340171e+00
  -8.4756775e-01
   4.3342204e-01
  -8.8752398e-01
   1.2123262e-01
  -4.0190489e-01
   1.0966783e+00
   4.3667465e-01
  -4.0700469e-01
  -6.3869017e-01
  -4.0488120e-01
   2.3938625e+00
  -4.9623014e-02
  -2.0257591e-01
  -1.9753405e-01
   1.5163160e+00
  -1.7322081e+00
   1.1124725e+00
  -7.1928103e-01
  -2.7336558e-01
   6.7740442e-01
  -9.3645082e-01
   4.2571685e-01
  -7.4543103e-02
  -1.3988073e+00
   1.9230610e-01
   5.8038972e-01
   6.3785926e-01
  -5.6598162e-01
  -1.6137626e-02
   6.2232257e-01
   5.3343636e-01
  -3.8934076e-01
  -1.2716678e+00
   2.7260106e-01
   3.1746846e-01
   1.4983683e+00
  -1.5538008e+00
  -3.5429162e-01
   4.3422762e-01
  -1.0147802e-01
   2.0287680e+00
  -3.6721188e-01
  -2.3637748e+00
   7.2985835e-01
  -1.3990208e+00
   1.3148870e+00
   4.0382537e-01
  -3.4416623e-01
  -9.8006426e-01
   1.8573454e+00
   3.0953845e-01
  -4.8910273e-01
  -6.9488330e-01
  -1.8039260e-01
   1.2562833e+00
   1.9107436e+00
   2.7192961e-02
   4.2712944e-01
   3.2336484e-01
  -1.6489680e+00
   1.4033799e-01
  -4.9804274e-01
  -4.2777303e-01
  -1.5087434e-01
  -2.8908101e+00
  -7.3454206e-01
   7.5621522e-01
   1.2079284e-01
  -5.1590565e-01
  -3.4085842e-01
  -1.0799922e+00
  -6.9738891e-01
  -5.8299671e-01
  -1.8612541e-01
   5.8796062e-01
  -2.1041397e-02
  -7.9761308e-02
  -8.3551479e-01
   9.7862008e-01
   2.3547791e-01
   5.6604774e-01
   2.1929025e-01
   8.0771101e-01
   1.5125267e+00
  -4.3163342e-01
   5.4256058e-01
   6.7929989e-01
  -8.7669110e-03
   1.9119413e+00
  -9.7861585e-01
  -4.8612920e-01
   7.7897952e-02
   2.6201003e-02
  -2.2278387e-01
  -4.7970550e-01
   8.2458731e-01
  -6.0403327e-02
  -8.0676383e-01
   1.7128378e+00
   9.1215835e-01
   1.4888417e+00
  -2.6748049e-02
   1.9158242e+00
   9.1967711e-01
  -1.8080987e+00
  -1.2653079e+00
   5.8363062e-01
  -1.1618796e-01
  -1.4381227e-01
   1.0747696e+00
   1.7021890e+00
   3.9123534e-01
   1.2733157e-01
   2.2509310e+00
  -1.0677931e-02
  -4.5054918e-01
  -5.9504958e-01
  -7.3566958e-01
   8.1695062e-02
  -8.6085696e-01
  -1.8584105e+00
  -1.2848869e+00
   4.3620217e-01
   1.0912828e+00
   1.2026022e+00
   2.3128636e+00
  -1.0839793e+00
   1.3645342e+00
   8.1680223e-02
  -4.6778223e-01
  -4.2637968e-01
   8.8962464e-01
   6.4975002e-01
  -1.8061786e+00
   1.0246964e+00
   8.2523226e-01
  -2.3633226e-01
  -9.8126587e-01
  -7.6958823e-01
  -1.2361229e+00
  -5.0214707e-02
  -3.8866400e-01
  -3.1194511e-01
   2.2136470e-01
  -2.9732499e-01
  -1.6971947e+00
  -5.9870929e-01
  -5.2334681e-01
  -1.7158288e+00
   8.8567786e-01
  -2.1666454e+00
   4.2212688e-01
  -2.9480910e-01
  -3.6425133e-01
   6.4765601e-01
  -3.0353221e-01
  -2.2683793e-01
  -8.7158083e-01
   1.1257595e+00
   9.9161879e-01
   6.8643725e-01
   5.3125429e-01
   7.2643704e-01
   6.9425386e-01
   3.9410062e-01
   6.3162414e-01
  -7.0910339e-01
   2.9346660e-02
   5.5037691e-01
  -7.2548263e-01
   7.6437211e-04
  -1.8751131e-01
   1.2414242e+00
   4.7248829e-01
   1.0944724e+00
   6.2267009e-01
   1.0092338e+00
  -9.4497234e-02
   1.1515281e-01
  -6.2815699e-01
   3.8757246e-01
   3.0742729e+00
   9.7586362e-02
  -4.5594639e-02
   8.5825568e-01
  -1.5636187e+00
   1.1282284e+00
  -8.4757171e-01
   5.6750716e-01
   2.7659692e-01
  -6.7025242e-02
  -7.1727823e-01
   4.1731172e-01
   1.1245599e+00
   6.8264324e-01
   1.3960917e+00
  -1.3885892e+00
   1.9262481e-02
  -1.3503535e+00
   1.1463550e-01
   5.4163175e-01
  -7.6766586e-01
   1.2828251e+00
  -4.7485638e-01
   6.2343105e-01
  -3.4769737e-01
  -7.5832412e-01
  -7.3716512e-01
  -1.4510358e+00
   1.5207537e+00
  -2.4472372e+00
  -1.2900464e+00
  -1.9845738e+00
  -1.3429468e+00
  -2.7918387e+00
   6.0218634e-01
   4.0442705e-02
  -1.0309177e+00
  -1.3009756e+00
  -1.3179790e+00
  -2.7845544e-01
  -2.0220930e+00
   4.0672984e-01
  -8.9826051e-02
  -3.4226242e-01
   6.5222577e-01
   3.4574488e-01
  -3.4468569e-01
   3.0785946e-02
  -1.3334786e-01
  -6.2603735e-01
   1.1114397e+00
   1.2021663e+00
   7.2381857e-02
  -1.0267476e+00
  -1.1729705e+00
   2.5100422e-01
  -2.6462221e-01
  -8.1319077e-01
   1.3201678e-01
  -1.1846517e+00
   3.4042055e-01
  -1.5920934e+00
  -2.4537633e+00
  -2.0812058e-01
  -9.8192988e-01
   1.5311191e+00
   1.3726697e+00
  -6.1211791e-01
  -9.6673702e-01
  -2.1639540e-01
  -3.1608246e-01
   1.3853174e+00
  -3.4829532e-01
   1.2055110e+00
   1.2372435e+00
   2.5197235e+00
  -3.7945014e-01
  -4.7526854e-01
   1.6757253e+00
  -7.3836900e-01
  -1.8155030e+00
   8.6728317e-02
   5.0025751e-01
  -3.6298083e-01
  -3.5069205e-01
  -1.3629099e+00
   1.7228039e+00
   2.0137215e-01
  -5.4768679e-01
   4.0181236e-01
   8.3439501e-01
  -1.0482967e+00
   2.2526321e-01
  -4.8236973e-01
   1.6507153e+00
   1.5892575e-01
  -1.1246854e+00
  -1.1106348e-01
   4.4905098e-01
   2.1005834e+00
   3.9567468e-02
   5.7157258e-01
   1.2007262e+00
   5.0877197e-01
  -8.6976171e-01
  -1.6106455e-01
  -6.5782495e-01
   7.0675184e-01
   1.5403172e+00
  -2.1941646e-02
   1.0547617e+00
  -6.9675782e-01
   1.5930139e-01
  -1.7647014e-01
   1.6302592e+00
   2.9396392e-01
   7.6771317e-01
  -3.4118661e-01
  -6.3340264e-01
   3.9470297e-01
  -8.1843860e-01
  -1.3617297e+00
  -3.0211739e-01
   1.5991745e+00
  -3.9232110e-01
   2.2082844e-01
  -5.9372186e-01
  -2.0503929e+00
   4.2709296e-04
   1.6936599e+00
  -3.3152830e-01
  -1.1501446e+00
  -9.9067222e-01
   3.6418987e-01
  -4.2033129e-01
   9.8362169e-01
  -2.7576518e-01
  -2.0855239e+00
  -4.3947126e-01
   7.1192447e-01
   1.0264761e+00
   1.2849346e+00
   1.0007203e+00
   1.0733913e+00
   1.8940325e+00
   1.5344324e+00
   1.7558857e-01
  -4.7611777e-01
  -2.7974860e-01
   7.0263035e-01
   1.2081748e+00
  -2.4755930e-01
   1.5126705e+00
  -7.2494713e-01
  -4.6533113e-01
  -3.8695088e-01
  -6.6195040e-01
   8.6990129e-01
  -1.8708590e-01
   1.8515373e+00
  -6.1285263e-03
   1.8662803e+00
  -2.4299684e+00
   3.6181676e-01
   2.8348348e-01
   1.9351890e+00
   2.6172400e-01
   1.7791616e+00
   1.8927359e+00
  -6.2031577e-01
  -1.1906566e+00
   8.5819401e-01
  -8.1507699e-01
  -1.5715319e-01
  -5.7122878e-01
   1.0081066e-01
   5.9642492e-01
   7.1220376e-01
   1.3564133e-01
  -9.4690865e-01
  -8.4692771e-01
   2.9230276e-01
  -2.1843010e+00
  -1.1744447e+00
  -1.5657688e+00
  -3.2794676e-01
   4.8522131e-01
   2.3647502e+00
  -4.1269969e-03
  -1.0676383e+00
  -4.5354881e-01
   4.5822127e-01
   1.0218468e+00
  -4.5907477e-01
  -4.6098485e-03
   1.1858617e+00
   2.2373939e-01
   8.0392146e-02
  -3.3106757e-01
  -3.8462818e-01
   1.0580036e+00
  -5.3165950e-01
  -4.7270484e-02
  -1.0338193e+00
   6.0374541e-01
   2.4917613e-01
   4.4154376e-01
  -2.6926199e-02
  -7.4209832e-01
  -8.5314966e-02
  -1.2841090e+00
  -3.3859573e-01
   2.3071897e+00
   1.6723131e+00
   8.6777559e-01
   4.3806436e-01
   8.2655536e-01
   3.8950077e-01
   9.3175018e-01
   1.2057630e+00
  -1.0212577e+00
  -1.9098942e-01
  -2.7150837e-02
  -5.5511890e-01
  -9.9418359e-01
   1.2721203e+00
   6.6781334e-01
  -9.1077602e-01
  -1.0526780e+00
   4.2719929e-01
  -6.8883834e-01
  -1.1982992e+00
  -2.4745795e-01
  -8.4473371e-01
   8.4961730e-01
   2.3065730e+00
  -1.7009527e+00
   8.3750285e-01
   4.2243249e-01
  -8.4255552e-01
   9.6165796e-01
  -8.8837470e-01
  -1.8822497e+00
  -1.1233143e+00
   5.7816334e-01
   4.1031023e-01
   1.0026549e+00
   4.9077305e-01
   1.2603545e+00
  -2.0048132e+00
  -3.0450512e-01
  -3.6320367e-01
  -5.7884398e-02
   1.0671834e+00
  -6.7642424e-01
   2.5245355e-01
  -1.9106672e+00
  -9.1535692e-01
   9.4014494e-01
  -1.7434640e+00
   1.4148458e+00
  -4.8410225e-01
   5.2776729e-01
  -1.1762781e+00
   7.5480867e-01
  -1.4105487e-03
   1.2540612e+00
  -5.4674443e-01
  -7.3535504e-01
  -7.5607786e-01
   1.9747075e+00
  -3.2971142e-01
  -1.6090129e+00
   9.4856719e-01
   2.4952433e-02
  -3.5587228e-01
   5.1681744e-01
   8.8747940e-01
  -6.3717849e-01
   1.1089755e-01
  -3.1065491e-01
  -5.7810001e-01
   4.7552467e-01
   7.2136699e-01
  -1.3701372e+00
   1.1101275e+00
   1.4883978e-01
  -2.3603564e-01
  -1.5884811e+00
  -2.5721191e-01
  -6.9559770e-02
   1.0379904e-01
  -4.3650115e-01
   9.2609500e-01
   1.5680285e+00
   1.2436297e+00
  -2.3054927e-01
   3.3560382e-01
   4.0672127e-01
  -6.2179909e-01
  -1.1487226e-02
  -5.8971854e-01
   6.8755553e-02
   1.6100371e+00
  -1.8703437e-01
  -7.3076139e-01
   1.3774385e+00
   8.7306822e-01
  -5.2540165e-01
  -7.3699785e-01
   1.4108953e+00
   3.1370406e-02
   1.8525470e-01
   3.4928191e-01
  -6.2905793e-01
   1.0888830e+00
   2.3531367e+00
  -2.4878245e+00
   1.9796557e-01
   9.4536118e-01
  -7.9583633e-01
   8.9736535e-02
   1.7059326e-01
  -5.9975044e-01
   7.0656807e-01
   1.2148500e+00
   2.2322574e-01
   3.6966245e-01
  -5.4650115e-01
   1.1184897e+00
  -9.0270583e-02
   4.4065681e-01
   1.1747617e+00
  -2.9724015e-01
  -1.9418358e-01
   9.0556925e-02
  -2.2331552e-01
  -1.2689286e+00
   4.8240419e-01
  -1.4415338e+00
  -3.0445300e-01
  -1.4083913e+00
   1.3014483e+00
   8.5390486e-02
   4.7895311e-01
  -2.6283705e-01
   1.5868401e+00
  -4.0398193e-01
   1.1517030e+00
   1.1531251e+00
  -5.2559506e-01
   4.2935891e-01
   1.2660017e-01
   2.1149898e+00
  -9.9421953e-01
  -1.5845486e+00
   3.1085067e-01
  -9.6960840e-01
  -5.8914915e-01
   3.3143337e-01
  -1.2980531e+00
   1.0717024e+00
   4.2140663e-01
   1.4224088e+00
  -3.1185098e-01
   9.1302864e-01
  -1.1189103e+00
   2.4083428e-01
   1.1234225e+00
  -6.4821038e-01
   8.7371071e-02
   1.6346792e+00
  -7.8450636e-01
  -1.1103892e+00
   9.3361151e-01
  -2.3487275e-02
  -1.1006788e+00
  -8.9371016e-01
   3.4626877e-01
   2.4488386e-01
  -3.5157834e-01
   2.2905996e-01
   5.6443243e-01
  -7.3096830e-01
  -3.1975987e-01
  -7.2565679e-01
   1.3398891e+00
  -1.2786931e+00
   1.6141007e+00
  -5.6976868e-01
  -2.0315235e-03
   9.5753910e-01
   7.3778210e-01
  -3.4139432e-01
   8.8857733e-01
  -1.1797236e+00
   1.3814748e+00
   1.1604440e+00
   1.8512603e-02
   4.0389231e-01
   9.7950708e-01
  -3.2773597e-01
   5.4540720e-01
   6.8719864e-01
   3.7195103e-01
  -1.4205322e+00
  -3.3566648e-01
  -1.9762430e+00
  -3.8301146e-01
  -7.8985780e-01
  -9.6040382e-02
   3.7740674e-01
   8.3001451e-01
  -1.4316662e-01
   4.0143401e-02
   1.0132833e+00
   1.2967131e+00
   2.1759181e-01
   8.6125650e-01
  -7.2990100e-01
   1.5856216e+00
  -6.6277256e-01
  -7.6753446e-01
   5.3812431e-01
  -6.5332551e-02
  -1.5864911e+00
   1.0774678e+00
   6.9520541e-01
   1.6476252e+00
   2.9484034e-01
   7.0498276e-01
  -1.1514504e+00
   1.8594648e+00
   2.3714586e+00
  -3.8131997e-01
  -6.9478119e-01
   1.0001103e+00
  -1.1352790e+00
   1.5360937e-01
  -1.3481852e-01
   8.2663000e-01
  -1.9688457e+00
   1.2343783e-01
   2.6191656e-01
  -1.7710953e+00
  -1.5884016e-01
   6.2917564e-01
  -1.2757705e+00
  -3.0003985e-01
   1.9684923e-01
  -5.2258404e-01
   1.5731803e+00
   7.6943528e-01
  -5.7875849e-01
   3.3162286e-01
   1.1288166e+00
   2.4821916e-01
   5.5692231e-01
   6.4314070e-01
   7.3914532e-01
  -1.3227446e+00
  -6.7679357e-01
  -3.5288790e-01
  -1.5974287e+00
  -1.4018849e+00
   3.5764558e-01
   3.5890958e-01
   9.2459893e-01
   3.6559774e-01
  -7.6678227e-01
  -1.5723570e-02
  -7.1651171e-01
   8.6715785e-01
  -1.5109504e+00
   8.5944694e-01
   4.9809697e-01
   7.7309365e-01
  -5.7861824e-01
   1.9713155e-01
  -4.1034292e-02
  -1.5108493e+00
   4.8478406e-01
   4.4259508e-01
  -7.4310504e-01
   1.2400291e+00
  -1.7651226e+00
  -4.1099415e-01
  -3.9083012e-01
  -7.1371657e-01
  -6.6394470e-01
   4.8304698e-01
  -8.7379545e-01
   6.8880436e-02
  -4.2512211e-01
  -1.2836241e-01
   1.9323488e+00
  -5.4185760e-01
   8.8552131e-01
   3.7868687e-02
   3.1479594e-02
  -1.9026102e+00
   1.0207734e+00
   1.5452357e-01
  -4.3401626e-01
   3.7427372e-02
  -1.0900757e-01
   1.8320231e+00
  -1.1068462e+00
  -5.6153311e-01
   2.6280596e-01
   1.8541637e+00
   2.5733622e-01
   1.1111369e+00
   7.5261935e-01
   7.1894560e-01
   1.2875390e+00
   2.2912296e+00
   1.4758505e-01
  -2.9002012e-01
   1.8721424e-01
  -3.0318164e-01
  -2.3113444e+00
  -1.1595089e-01
   1.6783932e-01
  -3.6629876e-01
  -2.1687366e-01
   1.2362374e+00
   8.2520072e-02
  -2.9897841e-02
  -6.6134596e-01
  -5.5724383e-01
  -1.0090316e-01
   1.2792682e-01
   3.8860921e-01
   1.6352424e+00
   1.3565648e+00
  -1.1971966e+00
   1.7565888e+00
  -9.8549868e-01
   2.5712114e+00
   1.9928699e-01
  -4.3872779e-01
  -2.0213034e+00
  -3.9798076e-01
   1.5421441e+00
  -4.1266043e-01
  -4.5082055e-01
  -1.3130100e+00
  -1.1739212e+00
  -5.7868622e-01
   3.6003026e-01
  -2.0622845e+00
   6.6735467e-01
  -4.8111332e-01
   8.0432814e-01
  -4.3457316e-03
  -4.4269347e-01
   5.0276379e-01
   5.0515376e-01
   2.0251210e+00
  -1.3012027e+00
  -7.0203065e-01
  -1.2234466e+00
  -5.7012443e-01
  -5.0539401e-01
  -4.4142785e-01
  -4.6892666e-01
  -5.1038733e-01
  -2.3713183e-01
   4.2823525e-01
   1.1137107e+00
  -3.6495861e-01
   1.8274290e+00
   8.7275746e-01
   1.2196689e+00
  -9.8020057e-01
  -1.8281874e+00
   3.2694444e-01
   3.4432846e-01
  -1.7002621e+00
  -1.4858737e+00
   3.5206217e-01
   1.0364504e+00
   1.3563465e+00
  -9.1826295e-01
   6.0462221e-01
   6.1424438e-01
  -3.2075162e-02
  -1.0518707e+00
  -1.1044769e+00
   7.4051846e-01
  -1.6820671e+00
  -2.9493028e-01
   1.4047517e-01
   1.0929689e+00
  -3.5915034e-01
  -1.3924867e+00
   3.4804047e-01
  -7.1966067e-01
   1.7774803e+00
  -8.6794203e-01
   1.7100493e-01
   2.0424153e+00
   1.0541098e+00
  -1.6915694e-02
   4.7916544e-01
   2.4027452e+00
   1.4006442e+00
  -1.3284001e+00
   1.8471419e-01
   1.0648550e+00
  -1.5348495e+00
   2.8867108e-01
  -6.8163726e-02
   2.8837315e-01
  -8.0507600e-01
  -1.8269851e+00
  -1.0724326e+00
   1.8748922e+00
  -1.2973444e-01
  -9.5153076e-01
   1.4678597e+00
   9.1898541e-01
  -8.6259435e-01
   1.0749515e+00
   1.1103962e+00
  -7.7375932e-01
   5.3988519e-01
  -3.7074026e-01
   1.2508011e+00
  -1.2620658e+00
  -4.0853390e-01
   8.2079000e-01
  -7.9533795e-02
   5.7639307e-01
   1.7375452e+00
  -4.2635897e-01
  -1.0958246e+00
   1.5622851e+00
  -4.3739992e-01
   3.1828411e-01
  -5.8196265e-01
  -1.5687956e+00
  -9.4733525e-01
   1.3122377e+00
  -4.1514226e-01
  -1.5018281e-01
   3.0003774e-01
   1.1768182e+00
   1.5239726e-01
  -2.5848919e-01
  -8.5247109e-01
   5.8281505e-01
  -2.0883067e+00
  -1.1749819e+00
   7.3632480e-01
   4.4686941e-01
  -1.2768399e+00
   5.3701683e-01
   4.6946928e-01
  -1.1843015e+00
  -7.1776965e-02
   1.6020890e+00
  -4.9352079e-01
  -1.3475459e+00
   1.5875512e-01
  -5.6015473e-01
  -3.5870545e-01
   4.1016372e-01
  -5.4833209e-02
  -3.8144145e-01
  -1.0317271e+00
  -8.2025139e-01
  -1.0235109e+00
  -6.0516475e-01
   1.7605226e+00
   1.4765427e-01
  -5.4935451e-01
  -1.2786446e-01
   2.4532816e-01
   2.7607429e-01
   3.1871791e-01
   1.0905399e+00
  -3.4388204e-01
   3.5511641e-01
  -6.1861535e-01
  -1.8589502e+00
  -5.7193635e-01
   1.4179774e+00
  -3.5459492e-01
   1.0218800e+00
   6.0181964e-01
  -5.9725078e-01
   1.9133555e+00
   8.7343190e-01
   9.0257720e-01
  -9.0963369e-01
  -6.4707495e-01
   6.4644302e-01
   1.1997530e+00
  -2.6380071e-02
   1.7119351e+00
  -1.2779894e-01
   7.1805460e-01
   3.3666816e-03
   1.0939509e+00
  -3.2707940e-01
  -3.1385239e-02
  -1.5083152e+00
   3.0225427e-01
   8.9735745e-02
   5.2809528e-01
   3.3819949e-01
  -6.6933510e-01
   6.6403808e-01
   2.6101575e+00
  -6.4146398e-01
   9.3228534e-01
  -5.7776634e-01
  -9.0842605e-01
  -1.1228119e+00
   5.7536785e-01
   3.3244123e-02
   8.7369900e-01
  -1.9001359e-01
  -1.1753623e+00
  -1.9834845e-01
  -7.3767575e-02
   6.1240014e-01
  -1.2104332e+00
  -1.8431275e+00
   4.5884163e-01
  -7.7654612e-01
  -4.9077333e-01
   5.5038272e-01
   1.8332362e-02
   1.6492439e-01
   1.1843035e+00
   1.0659059e+00
   3.5925236e-03
  -5.3167178e-01
  -1.1937882e+00
   3.1576465e-01
   2.3130773e+00
   1.0470785e+00
   2.2495732e-01
  -1.0978901e+00
  -1.2258615e+00
  -5.3002454e-01
  -3.7421819e+00
   4.1738846e-01
   1.2434945e+00
   1.1058381e-01
  -3.2708371e-01
   1.3528961e+00
  -4.2774282e-01
  -5.7937314e-01
   9.2596838e-01
   5.5104082e-03
  -6.3449085e-01
   8.5832653e-01
  -4.8077645e-01
   1.4897072e+00
  -6.2939121e-01
  -5.9395076e-01
  -6.2869404e-01
   3.5625165e-01
   1.3050858e+00
   3.6567445e-01
   7.7207788e-01
   1.2553260e+00
  -1.2833484e-01
   9.4862335e-01
  -1.2449953e-01
   2.0999405e+00
   2.6028184e-01
  -5.4547922e-01
   1.0043151e-01
  -7.3290409e-01
  -1.5241582e+00
   3.4978029e-01
   2.3285894e-01
   6.5400113e-01
  -8.4495454e-01
  -8.0511507e-01
  -4.9075082e-01
  -1.0057097e+00
   2.6913543e+00
   3.7153352e-01
  -6.5312632e-01
   4.2432291e-01
   1.2295283e+00
   6.7759679e-01
   9.1664964e-01
   4.8074548e-01
  -1.5071449e+00
  -7.5989332e-01
   1.0598428e+00
  -1.9808495e-01
   2.5920146e-01
   5.5492451e-01
  -1.0214217e+00
   1.9011279e-01
  -4.3478834e-01
  -1.4741667e+00
   3.9323297e-01
  -8.4408120e-01
  -5.0283444e-01
  -1.3392198e+00
  -6.0296369e-01
   4.3953242e-01
   1.5715063e+00
  -1.1315487e+00
   3.4531867e-01
   5.2338768e-01
   1.0439640e+00
   1.2598691e+00
  -1.1058795e+00
   6.1373147e-02
   1.2306937e+00
   5.4510573e-01
   1.3999760e+00
   1.2164883e+00
   2.3437996e+00
  -2.6200233e+00
  -3.3185056e-01
  -3.3863353e-01
  -1.4236228e+00
  -5.2123672e-01
   1.4222332e+00
   5.9293463e-02
   9.6058523e-01
   1.6349072e+00
  -2.9026900e-01
  -4.0961737e-01
  -1.3171196e+00
  -2.7729676e-01
  -7.1469272e-01
  -2.1928543e-01
  -2.2558312e-01
  -7.2836400e-01
  -1.1446828e+00
  -3.7768731e-01
   1.4625903e-02
  -8.9567127e-01
   3.5223937e-01
  -1.4412801e-01
  -2.6065639e-01
   9.1173329e-01
   2.3061824e+00
   8.4764344e-01
   6.4269087e-01
   4.7200446e-03
   1.2978651e-01
   5.8142927e-01
  -5.5298028e-01
  -1.4925588e+00
   4.2911186e-01
  -7.0186625e-01
   3.9371699e-01
  -8.3054226e-01
  -1.2534172e+00
  -1.4034301e+00
   2.8110146e-01
   1.9545392e+00
   2.0043805e-01
   4.9050352e-01
   1.4380903e-01
   2.3009589e-01
   2.3654751e+00
  -7.8126821e-01
  -1.5888927e-01
  -6.7370935e-01
   7.1404819e-01
   2.5518924e-01
  -3.2726229e-01
   7.4210709e-01
  -1.0057039e+00
   1.1942068e-01
   2.0044176e-01
   1.5738512e+00
   5.3862758e-01
   3.3060707e-02
  -1.3417461e+00
  -1.4709084e+00
   5.9063095e-01
  -7.0018362e-01
  -2.4119071e-01
  -8.6941697e-01
   1.8160318e-01
   2.2787984e-01
   1.7447199e+00
   1.8178741e+00
   1.0616329e+00
   1.0839854e+00
  -1.1696720e+00
   1.2757735e+00
  -9.4157240e-01
  -1.5994504e+00
   3.1662531e+00
   3.1866731e-01
  -6.6293668e-01
   7.9258946e-03
   6.9009419e-02
  -2.0700280e+00
  -7.1555006e-01
   5.2931945e-01
   3.5540311e-02
  -1.6628949e+00
  -4.9149233e-01
  -1.5006688e-01
   8.1332347e-02
  -1.6787770e+00
   2.5533609e-01
   1.5290513e+00
  -1.5927266e+00
   4.3879029e-01
   1.3436514e+00
   3.8034771e-01
   5.8906425e-01
  -4.7503821e-01
  -1.8518903e-01
  -1.1447154e+00
  -1.2150606e-01
  -5.5261798e-01
  -6.5803278e-01
   1.4472510e+00
  -1.1705736e-01
   6.2993479e-01
   3.7530720e-01
  -1.0148873e+00
  -1.8898582e+00
  -1.4337565e+00
   2.7594102e-01
  -3.0120803e-01
   7.5950291e-01
  -3.7994748e-01
  -1.3223029e+00
   9.6331577e-02
   1.1010479e+00
   2.6541883e-01
  -1.8595536e-01
  -4.2093316e-01
   1.2681221e+00
   9.1430716e-01
  -4.2965146e-01
  -1.3463938e+00
  -9.1355036e-01
   3.3332669e-01
  -1.0925888e+00
  -3.8695111e-01
  -1.2243518e-01
  -6.5977752e-01
  -6.2447744e-01
  -2.2631248e-01
  -5.5084095e-01
  -1.3422651e+00
   7.3658925e-01
  -9.1954887e-01
   1.0350393e+00
  -3.4340737e-01
  -3.0788286e-01
   1.2955708e+00
   2.6108856e-01
  -4.0227240e-01
  -8.2695565e-01
  -5.1721708e-01
   3.9990937e-01
   8.4713423e-01
   4.8010957e-02
  -4.9292308e-01
   3.3543708e-01
   6.7121445e-01
  -4.2166235e-01
   1.4431265e+00
  -3.6428099e-01
   8.9828815e-01
   9.6834383e-01
   5.6627426e-02
  -8.4666466e-02
   8.7201041e-01
  -1.8036553e+00
   3.3740077e-02
   6.9138610e-02
   3.6558678e-01
  -8.8485969e-01
  -1.4101754e+00
  -2.6383796e+00
   5.4510168e-01
   1.0780063e+00
  -4.4433036e-01
   2.3793270e+00
  -6.4097542e-01
  -1.3112816e+00
  -1.4568806e-01
   1.0578504e-01
   6.8235230e-01
   1.2103980e-01
  -7.6362115e-01
  -1.5230231e+00
  -5.8669293e-01
  -1.3637439e+00
   7.2359479e-01
  -1.0362758e-01
  -1.8530058e+00
   3.6559467e-01
  -9.2240811e-01
   1.3503775e+00
   5.2197867e-02
   2.2923327e-01
  -7.8737934e-01
   5.2301640e-01
   6.4903039e-02
   2.1616713e-01
  -3.2027339e-01
   6.4338000e-01
  -2.4392061e+00
   1.6568035e-01
   1.0482066e+00
  -1.9066665e-01
   5.7813358e-01
  -5.9549526e-01
   1.7274822e-01
  -5.8397691e-01
   1.1450259e+00
   4.6994284e-01
   1.3759268e+00
  -4.1759882e-02
  -5.9309233e-02
   3.1330407e-01
   1.4483907e+00
  -2.3901478e+00
  -1.6765540e+00
   1.2667532e+00
   1.8935345e+00
  -2.0477382e-01
   1.3538134e+00
   2.1701933e+00
   1.8969598e-01
  -4.5552702e-01
  -4.7719401e-01
  -2.5612953e-01
   7.9867388e-01
  -1.7064719e-01
   2.0373091e+00
  -3.3968121e-01
  -7.1585601e-01
   5.4451967e-01
   2.3531092e-01
   4.6252627e-01
  -2.0938764e+00
  -1.5000252e-01
  -1.8335255e+00
   1.8533876e-01
   7.6498907e-01
   1.1795790e+00
   7.5296775e-01
   4.8407754e-01
   7.7543760e-01
  -5.6661297e-02
  -3.8501412e-02
   1.0204475e+00
   1.0872839e+00
  -4.7083022e-01
  -1.7972797e+00
  -2.2953227e+00
  -1.6225786e+00
  -1.0000719e+00
   4.4711756e-01
  -7.7584091e-01
  -8.5334393e-02
   3.6939097e-01
  -1.3862109e+00
  -8.5024982e-01
  -7.4938165e-01
  -8.0178942e-01
  -4.3924942e-01
   7.8717947e-01
  -5.0747105e-01
   6.9431050e-01
   3.4032701e-01
   1.9185584e-01
   9.7503241e-01
   2.1401609e+00
   1.4673328e+00
  -1.5840338e+00
   5.2991186e-01
  -1.2468443e+00
  -2.0107963e+00
  -1.2107089e+00
  -2.1819122e+00
  -1.1312750e+00
   1.3542969e+00
  -4.7648703e-01
   2.6807219e+00
   3.9081707e-01
   1.0039973e+00
  -1.4599391e-01
  -2.7957835e-01
  -7.8336801e-01
   1.6081654e-01
  -1.4829353e+00
  -8.5006649e-01
  -1.0692246e+00
   1.6833832e-01
   1.5159018e+00
   2.1575289e+00
  -1.7557022e+00
   3.4674732e-01
  -6.5410149e-01
  -1.0814781e+00
   1.0338023e-01
  -4.7186439e-01
   5.1118812e-02
   7.6850577e-01
  -9.3548054e-01
  -1.5271060e-01
  -1.7003572e+00
  -3.8325255e-01
   9.8885180e-01
  -1.7456984e+00
   3.9085098e-01
  -1.3520000e+00
   2.1899425e-01
  -4.5029165e-01
  -2.7852866e-01
  -1.6038888e+00
  -9.1106859e-01
  -1.9302132e-01
   7.1678864e-02
  -1.9131339e-01
  -6.4122962e-01
   1.3285547e+00
  -1.9446342e-01
  -7.7589687e-01
  -7.5864713e-01
  -7.5598665e-02
   9.2900418e-01
  -4.2456753e-01
   8.7156557e-01
   2.2652446e-01
  -5.6332601e-01
  -8.1722221e-01
   1.7734405e-01
  -1.0332702e-01
  -9.0499059e-01
  -7.9434265e-01
   5.3912820e-01
   5.2166392e-01
  -3.1140040e-01
   8.2612770e-01
  -3.4994066e-01
  -1.1550269e-01
   1.2348217e+00
  -5.3992099e-01
  -2.0429554e+00
  -1.2888802e+00
   2.9084876e-01
  -2.1579224e-01
   2.7513403e+00
  -1.4150766e+00
  -2.4386901e-01
   4.0250701e-02
  -1.3738294e+00
   1.0791873e+00
   7.4393116e-01
   1.5428607e+00
   6.8752215e-01
  -3.5501683e+00
  -9.6705315e-01
   3.1179043e-01
  -8.1506894e-01
   2.8337045e-01
  -6.6237865e-02
  -5.4749678e-01
   6.8056248e-02
   5.1297374e-01
   1.1430961e+00
  -8.9394512e-01
  -5.7177244e-01
  -7.2064302e-01
   8.4789601e-01
   1.5726269e+00
   1.0557210e+00
   1.3410138e+00
   2.4927537e-01
  -8.0170584e-01
   6.7974785e-01
   1.7263798e+00
   5.0605951e-01
   9.2921146e-01
  -1.5434978e+00
   5.7105592e-01
  -1.5392195e-01
   5.5332857e-01
   1.2767843e+00
  -6.3941238e-01
   1.5059348e+00
  -9.4339357e-01
   4.0831693e-02
   3.0695563e-01
   1.0668231e+00
  -3.2314633e-01
  -9.3587415e-01
   1.4166141e+00
   3.6264293e-01
  -1.9136779e+00
   3.1992242e-01
  -1.7005868e+00
   7.9091599e-01
   1.3871666e+00
  -1.8277787e-01
  -9.0839336e-01
   1.2269298e+00
  -5.1070330e-01
  -8.1847195e-01
  -1.2617705e+00
  -1.4676480e+00
   2.7577919e-01
  -3.3174631e-01
   7.8848441e-01
  -5.6693965e-02
  -2.0968647e-01
  -1.7214655e+00
  -7.7546391e-01
   1.0442963e-01
  -4.2814514e-01
   1.2750468e+00
  -1.8314305e+00
  -1.8119794e-01
   1.1457557e-01
  -7.2235760e-01
   1.1200283e-01
   1.6612675e+00
  -1.0503888e+00
  -3.5088152e-01
  -1.4190805e+00
   7.2793751e-01
  -1.2060546e+00
  -8.5819423e-01
   1.4229533e+00
   8.2342030e-01
  -7.5597019e-01
   1.0165431e+00
  -6.5909606e-01
   1.0602735e-01
   1.8343668e+00
   2.2571633e+00
  -4.4315189e-01
  -3.0010971e-02
   1.0390907e+00
   6.0751186e-01
  -2.3302178e-01
  -2.0946976e-01
  -7.8402849e-01
  -2.2719804e+00
  -1.5665167e-01
  -1.1978686e+00
  -2.2794045e-01
   2.4682994e+00
   3.3886040e-02
   1.5095277e+00
  -1.1107145e+00
   1.2755727e+00
  -1.6736142e+00
  -2.7992622e-01
   2.9075348e-01
   6.2010272e-01
  -1.2426233e-01
  -1.0822238e+00
  -1.2176762e+00
  -7.2215737e-01
  -1.0191662e+00
  -5.7908614e-01
  -9.5052369e-01
   1.2420574e+00
   2.6991573e-01
   2.8346715e-01
  -8.3898397e-01
   2.7681160e-01
   3.2301216e-01
  -9.3604915e-01
  -1.1891737e+00
  -1.9349355e+00
   8.7279327e-01
  -1.0121483e+00
   4.6737872e-02
   8.3110919e-02
   9.1216280e-02
  -6.3820455e-01
  -2.2635146e-01
  -3.0691473e-01
   1.3495709e+00
  -1.1561836e+00
  -2.0591213e-01
   1.0664022e+00
   4.2106804e-01
  -1.0882094e+00
   7.9315151e-01
  -2.7018360e+00
  -4.9258979e-01
   1.5677471e+00
   4.9846071e-01
   7.9160832e-01
  -9.2953058e-02
  -3.8021641e-01
   6.9591636e-01
   2.3170597e+00
  -2.6839911e-01
   1.4370207e+00
  -5.3930257e-01
  -4.3007183e-01
   6.5073528e-01
  -9.0205261e-01
   9.4227566e-01
  -1.6832665e+00
  -2.4207484e+00
  -1.5892106e-01
   3.2888187e-01
   1.2754036e+00
   1.1966832e-01
   9.5442915e-01
   2.4056029e-01
   6.7949653e-01
  -9.6877019e-01
  -7.6407076e-02
  -5.9778988e-01
  -2.3698929e-01
   2.2966503e+00
  -1.4041561e+00
   3.4177138e-02
  -3.2090067e-01
   3.7938271e-01
   1.7926789e+00
   9.1231465e-01
  -6.5691377e-01
  -1.4337664e+00
   8.4799314e-01
  -9.9211790e-01
  -7.1526299e-01
   4.6535004e-01
  -1.5224483e+00
   1.5562474e+00
   1.0282125e-01
  -2.3408935e-01
   8.0782472e-01
   8.0621313e-01
  -2.4917093e-01
   1.1023330e+00
   3.6731130e-01
   1.1000027e+00
   2.6347478e-01
  -1.9109280e-01
   1.7487458e+00
  -7.8320605e-01
   6.3308459e-01
   2.0223895e+00
  -4.1334822e-01
   6.3463593e-01
   3.1955291e-01
  -3.4824568e-01
  -3.5542430e-03
   6.1778480e-01
   2.3284795e+00
   8.8642795e-01
  -2.4408549e-01
  -1.9731220e+00
   2.4906011e-01
   2.6097750e-01
  -7.9148069e-01
   1.0093333e+00
   3.9087272e-01
   5.8690036e-01
  -4.8618672e-01
  -6.8385438e-01
  -4.6742478e-01
  -1.1105806e+00
  -5.2254092e-01
   7.2684238e-01
  -2.2553467e+00
  -1.7719724e+00
   2.6589893e-02
   3.2849302e-01
  -9.4882988e-01
   5.3644217e-01
   1.2590219e+00
   6.8374282e-01
  -1.5633946e+00
  -7.3056368e-01
  -8.5381066e-01
  -3.3875277e-01
  -6.7128462e-01
  -8.4161461e-01
   1.9099134e+00
  -3.3296921e-01
  -1.5242654e-01
   2.8636226e-01
  -1.7322220e+00
  -1.1416331e+00
   4.6986480e-01
   3.5138965e-01
  -1.1610184e+00
   1.1256580e+00
  -6.6739051e-02
   1.4169065e-01
   1.0928365e-01
  -5.4997246e-01
  -1.8312811e+00
  -1.3087693e-01
  -1.5649710e+00
  -1.6466669e-01
   2.0734647e-01
   1.9796225e-01
  -1.3862719e+00
   3.6659998e-01
  -1.2104661e+00
   2.5167246e-01
   6.0320132e-01
   1.5984059e+00
  -2.0508042e+00
   8.2926218e-01
  -1.6215511e-01
  -7.5310133e-02
  -5.6240417e-01
   2.3415472e-01
  -2.5861854e-01
  -6.1876345e-01
  -5.3860572e-01
   6.1628195e-01
   4.9162706e-01
   1.1006199e+00
   3.6294463e-01
  -1.4589406e-01
  -1.1383716e+00
   3.1478393e-01
  -3.0658507e-01
   2.2151531e-01
   8.7457963e-01
  -4.9284745e-01
  -4.8226044e-01
  -2.5919344e-01
   2.1259629e-01
   2.0369371e+00
  -8.7289483e-01
   1.3399269e+00
  -2.1543241e-01
   8.9789626e-01
   5.9706761e-02
  -5.3421182e-01
  -2.5919968e-01
   9.5887405e-01
   1.2667856e+00
   9.6102160e-01
  -5.6376137e-01
  -1.2888239e+00
   4.0086769e-01
   5.2798025e-01
  -2.5125507e+00
   2.4230938e-02
   2.0955601e+00
  -1.8843655e-01
  -6.4419213e-01
  -1.0077666e+00
  -1.8109598e+00
  -4.8944000e-01
   3.0142884e-01
  -9.8390720e-01
   2.5346617e-01
   7.8796843e-01
  -5.9329593e-01
   4.9220374e-01
   5.6548467e-01
  -4.2805541e-02
   1.9564485e+00
  -1.2722022e+00
   2.7506608e-01
  -9.2674413e-01
  -7.2176181e-01
   4.4097388e-01
   1.0928945e+00
   1.7010306e-01
   1.3048498e+00
  -9.3013130e-01
   3.3815809e-01
  -5.3089393e-01
  -7.5735678e-01
  -2.6315600e+00
   7.6018212e-01
   1.8748503e+00
   4.9964056e-01
   1.3763231e+00
   5.8980426e-02
  -1.2304196e+00
  -8.7247172e-01
  -8.0266591e-01
   1.1023762e+00
  -4.8036144e-01
   9.1442287e-02
  -1.3331486e+00
  -1.8306492e-01
  -1.6258668e+00
  -7.0242354e-01
   7.5949225e-01
   1.7096535e+00
   4.8544116e-01
   9.7238245e-02
   1.0732611e+00
   7.2801946e-01
  -2.4488707e+00
  -1.7915666e+00
  -8.3335565e-01
  -8.7360848e-01
  -1.6002306e+00
  -6.7825365e-01
  -9.3117651e-01
   1.1002216e+00
  -6.0997533e-01
  -1.2760162e+00
  -4.1626622e-01
  -6.8496742e-01
   2.6216054e-01
  -2.3128574e-01
  -1.4855169e+00
   5.8032317e-01
  -3.6395137e-01
  -6.0002997e-01
  -8.5179614e-01
   7.9388798e-01
  -1.0892984e-01
  -1.5528130e+00
   2.1707944e+00
  -3.4169616e-01
   2.7105785e-01
   3.5482713e-01
  -1.3065258e+00
   1.2211425e+00
   2.5111743e-01
   1.4365359e-01
   1.3506400e+00
   1.5909514e-01
  -1.7222849e+00
  -1.6059778e-02
   1.1669934e+00
   1.2126328e+00
   2.6467601e-01
  -1.6934734e+00
   1.0964422e+00
  -5.7384452e-02
   1.9189276e-01
   1.2812723e+00
   4.0275684e-01
  -3.7222112e+00
  -1.6637364e+00
  -8.2800853e-01
  -1.2912930e+00
   1.5346412e-01
   1.5195966e-01
  -6.9311319e-01
   1.1694576e+00
  -7.8808248e-01
  -3.4559300e-01
  -6.6737794e-01
  -8.9646330e-01
   5.4617083e-02
  -1.3941561e+00
  -3.1219167e-01
   8.3032439e-01
   8.1378018e-01
  -1.9460769e+00
   4.0671919e-01
  -4.5798400e-01
   4.5053626e-01
   1.7211853e-01
  -3.1608022e-01
  -1.3316305e-02
   6.0790235e-01
   7.2602473e-01
  -7.4968924e-01
  -1.3273533e+00
  -4.1905233e-01
   1.0199973e+00
   3.4281247e-01
   3.9399920e-01
  -4.4253316e-01
  -7.6565978e-01
   2.0770325e+00
  -1.0516502e-01
  -3.3247460e-02
  -2.7369684e-01
   6.9714932e-02
  -3.1950966e-01
  -1.0442170e+00
   4.9294274e-01
   1.4397887e+00
   1.8486882e-01
  -7.4414909e-01
   5.6428195e-02
   1.0203035e+00
   1.7831433e+00
  -1.4052437e+00
   1.1400994e-01
  -4.3328399e-01
   5.4460160e-01
   1.6891646e-01
  -5.8862821e-01
  -1.8071882e+00
  -1.2141753e+00
  -6.0640040e-01
  -2.7370216e-01
   1.1757431e+00
  -5.9457203e-01
   3.7203391e-01
   9.0582358e-01
   2.3166297e-01
   8.4797972e-02
  -6.1054743e-01
   8.4131960e-01
   1.6286173e+00
   4.7553801e-01
   3.0731421e-01
   2.3536978e-01
   1.0340385e+00
  -3.3089745e-01
  -5.1219299e-01
   5.3186382e-01
  -3.0648127e-01
   8.9182369e-01
  -1.4638688e+00
   1.3263660e+00
  -7.3061910e-01
   2.3854942e-01
  -4.6787929e-01
   7.1357061e-01
  -1.4174963e+00
  -1.0672937e+00
   1.6323797e+00
  -9.7538901e-01
  -6.9836158e-01
   6.2317102e-02
  -7.9870497e-01
   1.4670667e-01
   1.1759261e+00
   6.8683977e-02
   1.7261864e+00
  -1.4497402e+00
  -2.8464294e-01
  -8.7404155e-01
   3.6850020e-01
  -1.2616685e+00
  -1.7595945e+00
  -3.9353313e-01
  -1.8150375e+00
  -8.9810510e-01
  -5.4730220e-01
  -1.6703921e+00
   5.6391937e-01
   3.0561236e-01
  -6.2714871e-01
  -1.3923392e+00
  -2.7529563e-01
  -1.6785013e-01
  -2.1729472e+00
   1.3074175e+00
   4.3552970e-01
  -1.7535459e+00
   1.9780795e+00
  -1.5354657e-01
  -1.4733907e+00
  -9.2604467e-01
   2.6270720e-01
  -1.4397946e+00
  -4.7354445e-01
  -1.0150585e-01
  -4.2496933e-01
   2.0366686e-01
  -7.1201346e-01
  -2.5051624e-01
   1.9072737e-01
  -2.2200869e+00
  -1.9182070e+00
  -1.0670784e+00
   7.9853836e-02
   2.0279467e-01
  -7.3112154e-01
   1.3124335e+00
   1.1330043e+00
  -1.7710646e-01
   3.3255358e+00
  -3.6530998e-01
   9.8339253e-01
  -6.3021572e-02
  -1.7248519e+00
   1.8798344e+00
  -1.0635515e+00
   7.3731130e-02
   1.9208149e+00
   6.4273115e-01
   3.7099668e-01
  -1.4541983e-01
   2.4520190e-01
   1.8901680e+00
  -4.6096004e-01
  -2.2153904e-01
  -4.5557815e-01
  -4.1204942e-01
  -1.7248160e-01
   6.1887413e-01
   8.8209467e-02
  -7.6072016e-01
   1.6519615e+00
  -8.6956971e-01
  -3.3043662e-01
   8.0097406e-02
  -1.6822052e+00
  -1.0090817e+00
  -1.2936619e+00
  -2.6642970e+00
   2.1330000e+00
  -7.3035343e-01
   8.4005948e-01
   1.7194082e-02
  -9.9413833e-01
  -4.0389802e-02
   4.0474457e-01
  -1.1428136e+00
   1.1981044e+00
   1.1968387e+00
  -9.7376478e-02
   6.1434741e-01
  -1.2186011e+00
   5.7187379e-01
  -1.2831002e-01
   1.6085180e+00
  -9.5707314e-01
   2.0115092e+00
   2.0084874e-02
   4.4550777e-01
   1.4495293e+00
   1.1029503e+00
  -8.7586357e-01
  -9.1523943e-01
  -9.1482202e-01
   1.0747503e+00
  -1.3569809e-01
  -4.4471087e-01
   8.2517023e-02
   1.0357681e+00
  -1.5888968e-01
   3.0928218e-01
  -2.3154049e+00
  -6.6758387e-01
  -1.0665852e+00
  -6.3915603e-01
  -7.6196766e-01
  -4.2210578e-01
  -4.9132811e-01
   6.5774531e-01
   1.4360830e+00
  -1.5350330e+00
   1.7528445e+00
   1.2830509e+00
   9.3642419e-02
   1.5800988e+00
   2.4478368e-01
  -1.0202544e+00
