   2.0699174e+00
   3.5638414e-01
   5.5536770e-01
  -1.2695886e+00
  -4.0672260e-01
  -2.0204179e+00
  -1.6021090e+00
  -1.5399960e+00
  -1.9104904e+00
  -1.3973177e+00
  -1.2509676e+00
  -7.9457666e-01
   1.2260360e+00
   1.9994138e+00
  -7.9197382e-01
   2.9256117e-01
  -1.6533786e-01
  -1.1797356e+00
  -1.0258157e+00
  -1.8825834e+00
   8.7634851e-01
  -3.0989962e-02
   1.0754817e+00
  -7.5025723e-01
  -4.0780964e-01
   5.3203994e-01
  -1.9126230e-02
   1.4391408e+00
  -8.7015218e-01
   1.4877474e+00
  -3.3286491e-01
  -1.4534087e-01
  -4.5134941e-01
  -5.4074676e-01
   1.6821651e+00
  -8.0177950e-01
   1.2839513e+00
  -1.4037974e-01
  -6.8733430e-02
   1.4710030e-01
  -7.3850891e-02
  -1.3276376e+00
  -9.9916773e-01
   4.3502499e-01
  -2.8060221e-01
   1.8367699e-01
   6.7599173e-01
   1.4832156e-01
  -4.3473268e-01
  -8.3362376e-02
   1.3618028e+00
   6.7448146e-01
   8.0319162e-01
   9.0500045e-01
   9.5601384e-01
  -7.6870593e-01
   2.4913242e+00
  -1.5386936e-01
   4.1459462e-02
  -1.5048899e+00
   1.0850124e+00
   5.7204918e-01
   1.9192942e-01
   6.1832651e-01
   8.6576640e-01
   3.5852364e-01
  -2.5292043e+00
  -1.0762737e-01
  -1.6597450e-01
   4.3537085e-01
  -3.0074284e-01
   1.4459471e-01
   9.6596677e-02
  -1.7469987e-01
   6.7510373e-01
   8.4941118e-02
   8.7750503e-01
  -5.9469082e-01
   1.5896471e+00
  -8.5259748e-01
  -2.8857658e-01
  -1.4839392e+00
  -6.4682438e-01
   1.2651552e+00
   4.7322598e-01
  -9.5585595e-01
   5.0604356e-01
  -7.2019438e-01
  -2.1102951e+00
  -5.4138802e-01
   1.9891918e+00
   2.1541256e-01
  -1.9819061e+00
   7.1173398e-01
   1.9608741e+00
  -4.1661656e-02
  -1.5007239e-01
   6.0624491e-01
  -8.3195901e-01
   3.0950824e-01
   2.5553044e+00
  -8.7965808e-01
   7.4854464e-02
   4.1819442e-01
   4.4742865e-01
   8.7793687e-01
  -2.0782911e-01
  -7.4789440e-01
  -6.3207439e-02
  -1.9370325e+00
  -2.1898802e-01
   2.2318618e+00
  -5.6434247e-01
   3.7089110e-01
   5.1764755e-01
   4.0798842e-01
   7.8779190e-02
  -6.4814296e-01
   3.6616463e-01
   2.5522091e-01
   1.7487267e-01
   6.2325524e-01
  -1.7013550e-01
  -1.1924502e+00
  -7.7028586e-01
   7.1317015e-01
   1.0504404e+00
  -6.3568523e-01
  -1.3500596e+00
  -1.0330074e+00
   1.0312234e+00
   9.3709474e-01
   8.0312712e-01
   9.9304344e-01
  -2.9102506e-02
   1.6131075e-01
   7.3409326e-01
   9.4167540e-01
   2.6037131e+00
  -9.8319581e-01
   1.1470338e-01
   4.4900541e-01
  -1.1811384e+00
  -1.5147128e+00
   1.6636561e-01
  -7.2021238e-01
  -7.6074353e-05
  -9.7390243e-01
  -9.9567897e-02
   1.0344031e-01
  -2.2655498e+00
   7.7475544e-01
  -2.0586867e+00
   2.6078839e-01
   2.2192226e-02
   2.3679869e-01
   1.5572384e+00
  -1.5741818e+00
  -7.0216493e-01
  -7.7898991e-01
   1.5847471e+00
   1.3448152e+00
   7.2315002e-01
  -1.5913109e+00
  -4.7057458e-01
   5.3713263e-01
   3.6041700e-01
  -6.6369173e-01
   1.5413658e+00
  -5.8962151e-01
   3.9595058e-01
   2.0445007e+00
   1.7727362e+00
  -2.0051023e-01
   7.7232370e-01
   1.7200044e+00
  -9.7210663e-01
   9.8559757e-01
   1.9088541e+00
   1.0316617e+00
   1.2658263e+00
   1.4644653e-03
  -1.3133840e+00
  -7.4258581e-01
   1.5845620e+00
   7.3718533e-02
   8.4647119e-01
  -1.0378446e+00
  -1.8147525e+00
  -2.0970814e+00
   2.8551868e-01
  -2.1790063e+00
   1.4552318e+00
   1.1656071e+00
   3.0795128e-01
   1.0470861e+00
  -1.0690758e-01
  -1.8357208e+00
  -1.2612905e-01
  -6.7804907e-01
   1.2650400e+00
   3.4814314e-01
   4.1348965e-01
  -3.7451435e-01
  -8.9425241e-01
   2.8035344e-01
  -4.3825559e-01
   1.3925479e+00
  -3.6737749e-01
  -7.9542689e-01
  -2.1839812e-01
   1.0819980e+00
  -5.6699827e-01
  -9.5499384e-02
  -1.4779762e+00
   1.2210693e-01
  -3.8311619e-01
  -4.4894979e-01
   1.4455328e-01
   2.7061289e-02
  -2.5350454e-03
   3.0073496e+00
   1.0467306e+00
   1.6897330e+00
   1.6665272e+00
  -2.8750152e-01
  -4.8700548e-01
  -1.6691816e+00
  -9.7526499e-01
  -2.8579688e-01
  -9.2190933e-02
   3.2527773e-01
   1.5378654e-01
  -1.1933850e+00
  -3.3034398e-01
   1.7382949e+00
  -3.0276427e-01
  -9.2345488e-01
  -2.5556650e-01
   3.3679309e-01
  -3.8916627e-01
  -4.2914582e-01
  -3.4537395e-01
   1.1947576e+00
   8.4475834e-01
  -7.5475139e-01
  -7.5055111e-01
  -1.7510883e+00
   1.1342118e+00
  -1.0816355e-01
  -2.4368059e-01
   1.8020780e-01
  -1.3082789e+00
  -9.2730829e-01
   1.8473956e-01
  -3.2342472e-01
  -2.0696442e+00
  -7.7690905e-01
   2.6626814e-01
   1.0776113e+00
   8.9024401e-02
   1.4597825e-01
  -4.8314024e-01
   2.1125482e-01
   5.4570460e-01
  -9.0864932e-01
   1.0596933e+00
  -1.6723669e+00
  -4.6121573e-02
  -2.3286496e-01
   1.6579591e+00
  -3.1510459e-01
   3.2528110e+00
  -2.7518483e-01
  -7.2157315e-01
   2.3459280e+00
  -1.8623369e-02
  -2.5805187e-01
   1.4674075e-01
  -1.0093652e+00
  -1.4705670e+00
  -6.4920410e-01
   7.0548383e-02
   1.1510160e+00
   1.2214678e+00
   4.8586655e-01
   1.2084332e+00
   2.6448846e+00
   6.5719393e-01
   9.7213558e-01
  -3.0338902e-01
   1.2094771e+00
  -1.1364200e+00
  -3.3345452e-01
  -8.6597480e-01
  -5.6315330e-01
   2.0094235e+00
  -2.0641398e-01
  -4.2974197e-01
   1.0437269e+00
  -3.1805853e-01
   3.2403306e-01
   5.5794050e-01
  -8.7460480e-01
  -3.5746386e-01
   1.9401291e+00
   1.3858893e-01
   9.1665081e-01
   1.2889938e+00
   5.8316954e-01
   1.2698503e-01
   1.2959541e+00
  -1.2724136e+00
   1.2208358e+00
  -2.1281422e+00
  -1.2775109e+00
  -4.3234311e-01
  -8.6368621e-02
  -1.6486842e+00
   7.8520802e-01
  -7.7123324e-02
  -1.1083778e+00
  -1.2046293e+00
  -9.7160832e-01
  -8.4566051e-01
  -1.2796718e-01
  -5.4686402e-02
  -5.9253053e-01
  -8.5598613e-02
  -6.5492597e-01
   1.7864230e-01
   1.5656637e+00
   8.7058960e-01
  -4.1370797e-01
   1.4709963e-01
  -1.6142856e-01
  -4.3190911e-01
  -3.1704384e-01
   1.1236781e+00
  -5.5164351e-01
   1.9238343e-01
   6.2290129e-01
  -1.0444332e+00
  -1.5227712e+00
   7.7850057e-01
   3.9001283e-01
  -5.3959474e-01
   1.1422192e+00
   3.2017224e-01
  -4.1172890e-01
  -4.4576022e-01
  -5.0716259e-01
  -1.1053460e+00
   2.7596315e+00
  -2.2959759e+00
   2.7600191e-01
   5.7124080e-03
  -1.2946679e+00
  -1.4722341e-01
   3.9396135e-01
   1.0369279e+00
   1.1394090e-01
   5.8737697e-01
   1.7693424e+00
  -1.0996868e-01
  -5.7859900e-01
  -1.4431946e+00
   8.5760947e-01
  -5.1407083e-01
   1.4365343e+00
   7.2891030e-02
  -1.3576969e-01
  -5.6864135e-01
  -5.2024917e-01
  -1.2739092e+00
   6.0534007e-01
  -4.2380667e-01
   6.4517359e-01
  -1.7055419e+00
   3.4755996e-01
  -9.2228333e-01
  -1.5780662e+00
  -2.3706099e-01
   6.2106144e-01
   1.0408284e+00
   1.2435989e+00
  -3.8164099e-01
  -9.6743939e-01
   3.0586915e+00
  -5.5410290e-01
  -7.1040670e-01
   4.7848695e-01
  -1.0827396e+00
  -6.7180285e-01
  -1.5380202e+00
  -2.0103921e-01
  -1.1337184e+00
   3.9148713e-01
   1.8984596e-01
  -7.2371652e-01
  -3.8629198e-01
  -5.7492396e-01
   1.6987328e-01
  -6.5960249e-01
   2.7293694e-01
  -8.5354785e-01
   5.9022606e-01
  -1.6627522e-01
  -2.0600353e+00
   1.9193220e-01
   9.5064059e-01
   1.2716353e+00
   2.3057478e-01
   1.4866915e+00
   6.9537307e-01
   2.1164141e+00
   2.6720926e-01
   4.8200225e-01
   4.3809625e-01
   5.6034199e-01
   8.3567289e-01
   1.0707195e+00
  -9.9021735e-01
  -1.2996562e+00
   1.3419407e+00
   9.7079069e-01
  -8.4979523e-01
  -4.9387922e-02
   1.8572482e+00
  -1.1609076e+00
   3.3049663e-01
  -1.3903523e+00
   1.7398324e-01
   3.0908139e-01
  -1.8284385e-01
   9.4688208e-01
  -1.3672638e-01
   1.1922425e+00
   1.1014286e+00
  -2.7674550e-01
   2.6170047e-01
   2.1152209e-01
   9.7143830e-01
   1.2501602e+00
   7.9766188e-01
   2.7899755e-02
  -8.9040584e-01
  -1.2894539e+00
   1.1050777e+00
   2.0056996e+00
   2.7237922e-01
  -6.8548344e-02
   9.4055839e-01
  -1.6864145e+00
  -2.6015488e-01
  -2.0053683e+00
   4.2975712e-01
   2.9374624e-02
   3.3015136e-01
  -4.2923103e-01
  -1.8710105e+00
   9.9816837e-01
  -6.5605915e-01
   1.8046059e-01
   9.5503147e-01
   5.7545540e-01
  -8.2948015e-01
  -2.6046473e-01
  -2.1653662e-01
   9.9529663e-01
   1.2916626e+00
  -1.0654210e+00
  -1.0194381e+00
   1.3138487e-01
  -1.2038000e-03
   2.0219423e-01
  -1.0525190e+00
  -1.3452304e+00
  -7.9278989e-02
   1.2416265e+00
   6.3567115e-01
  -1.1878394e-01
  -3.8456210e-01
  -1.1263222e+00
   9.0383371e-01
   8.5881799e-01
  -1.6623214e-01
   3.8942096e-01
   2.7396943e-01
   9.3150310e-01
   1.6483895e+00
  -1.7665450e+00
  -3.0843480e-01
  -8.0881759e-02
  -1.2815926e+00
  -2.9144528e-01
   8.1624868e-01
  -7.6055019e-01
  -2.1092229e+00
  -1.0233038e+00
   2.8861036e-01
  -7.6500362e-01
   9.5127646e-01
  -5.5997452e-01
   2.3227359e-01
  -5.9858673e-01
   6.3413170e-01
  -1.6455747e+00
   1.6476934e+00
  -2.1946822e-01
  -1.3843862e-01
  -1.4308814e+00
  -1.6345002e-03
  -7.0544055e-02
  -1.2097457e+00
   5.9862123e-01
   2.0194693e+00
   1.1948856e+00
  -6.3161812e-02
   5.5974371e-01
   2.1500148e-01
   4.2203862e-01
  -2.0716303e+00
  -9.0964451e-01
  -2.8527502e-01
   6.3634874e-01
   3.6623325e-01
  -1.0243679e-01
  -2.1672384e+00
  -1.4302718e+00
   1.3435930e+00
   1.3804724e-01
   1.7499128e-02
  -3.3849541e-01
   2.9153450e+00
  -6.8693469e-01
  -1.4236379e-01
   5.3876181e-01
   1.3282234e+00
  -1.3104018e-01
   9.7013225e-01
   9.9857124e-01
   2.6285052e-01
  -1.3183349e+00
   8.0647026e-01
   1.0434415e-01
   1.5567019e+00
  -8.4178586e-01
  -3.4837322e-03
  -5.0506339e-01
  -1.8451229e+00
  -1.0525271e+00
  -1.9628364e+00
   1.6968672e+00
   2.4264373e-01
   6.0269731e-01
   2.0677181e-01
   1.1232577e+00
   1.5197555e+00
  -4.0614530e-01
  -9.6616622e-01
   1.1088181e+00
   2.2532815e+00
  -2.1988394e-01
  -7.6108310e-01
   3.3448177e-01
  -9.4411190e-01
  -7.7986630e-01
   6.7844785e-01
  -2.1996474e-01
   5.2864800e-01
  -5.0380723e-01
   5.8741882e-01
   3.4405039e-01
   5.1955364e-01
   1.1771975e+00
   8.7521628e-01
  -1.5440495e+00
   1.8288448e+00
  -1.2453374e+00
  -1.7680161e+00
   9.5916498e-01
  -7.8267374e-01
  -1.8993805e+00
  -4.3281035e-02
   1.8434865e+00
   8.9775368e-01
   6.9499801e-01
  -1.0705170e+00
  -8.0791956e-01
   9.2459777e-01
   1.3292460e+00
   1.1161258e+00
   5.5772359e-01
  -1.0223957e+00
  -1.8541531e-01
   1.2346408e+00
   1.4159910e+00
   4.0442777e-01
   1.1399499e-01
   3.5141198e-01
  -4.6849077e-01
   8.6608792e-01
   2.3563688e-01
   4.8197878e-01
  -1.3877921e-01
   3.3029412e-01
  -6.0974770e-01
   1.6248130e+00
  -2.6876484e-01
   7.1945123e-01
  -1.9433802e+00
   1.0083910e+00
  -3.5634750e-01
   6.3336075e-01
  -4.1595132e-01
   6.9558371e-01
  -5.2294893e-01
  -4.2020575e-01
  -9.5681584e-01
  -1.4952893e+00
   4.3614500e-01
   1.1196578e+00
   1.6831509e-01
  -6.5017989e-01
  -1.1401968e+00
  -9.7121141e-01
   1.7920707e+00
   1.0843040e-01
  -1.0753746e+00
  -1.1145431e+00
  -7.3902032e-01
  -2.1035790e-01
   2.0430438e+00
   5.0995314e-02
  -1.2417222e+00
  -7.2082453e-01
  -9.8142155e-01
   1.3615246e+00
   2.0354990e+00
   1.5637746e+00
  -3.3550140e-01
   1.2277799e+00
  -3.5126458e-02
  -1.2119138e-01
  -1.0793063e+00
  -2.3875061e-01
  -7.7292534e-01
  -2.2342569e-01
  -6.2907779e-01
  -3.2695152e-01
  -1.5754350e+00
   5.4153802e-01
  -1.2718197e+00
   3.4682392e-01
  -6.1524860e-01
  -8.3818393e-01
  -1.8481410e+00
  -2.9712279e-01
   9.2328461e-01
   1.6867230e+00
   5.4728745e-01
  -1.2643712e+00
  -2.0959144e-01
   1.1097976e+00
   5.1165706e-01
  -6.1548325e-01
   2.3624142e-01
   9.0895407e-01
  -3.7813365e-01
  -7.4248117e-01
  -8.0007488e-01
   5.2261550e-01
   5.0046530e-01
  -4.8137074e-01
  -1.5091492e+00
   1.1366395e-01
  -2.6447162e-01
   8.4827957e-02
   1.4253947e+00
   3.0619471e-01
  -8.2956573e-01
   2.1469768e+00
  -6.7052530e-01
  -4.9043315e-01
   5.5425713e-01
  -1.3666960e+00
   1.4032331e-01
  -3.9547130e-02
   2.0627195e+00
   1.2516545e+00
   3.9572182e-01
  -1.0870702e+00
   5.2062296e-01
  -3.5659969e-01
  -5.2625412e-01
  -1.8595048e+00
  -2.2905802e+00
   3.4707260e-01
   4.5031121e-01
  -3.7801863e-01
   6.3488393e-01
   3.1672938e-01
  -1.3865547e+00
  -1.2284838e+00
   1.1772833e+00
   4.5814815e-01
  -3.1811635e-01
  -1.0458822e+00
   2.5870851e-01
   2.4557075e-01
  -1.8521146e+00
   9.4300881e-01
   6.1106544e-02
   3.3441699e-01
  -1.3209247e+00
   1.6472339e+00
   8.3594464e-01
  -8.2600352e-01
  -2.0408848e-01
  -6.1613953e-01
   4.1626923e-01
   8.0718428e-01
   3.6855420e-01
   4.7315517e-01
   5.3582624e-01
  -1.0805360e+00
   7.1284964e-01
  -8.7175396e-01
   6.1536323e-01
  -1.0943510e+00
   1.0999106e+00
   4.2017691e-01
   7.9247736e-01
  -6.7504410e-01
   7.8472798e-01
  -7.5255754e-01
  -3.7310503e-01
  -2.7068859e-01
   5.1124283e-01
   1.2797396e+00
  -2.3413977e-01
  -2.0657834e-01
   3.0834838e-01
  -6.7275746e-01
   1.4549955e+00
   1.0545370e+00
   9.4236492e-01
  -4.6378129e-01
  -1.5842231e+00
  -8.6463338e-01
   4.2562059e-01
  -6.3777896e-01
   3.1088415e-01
  -6.7470709e-01
   2.0176272e-01
  -1.8657000e-01
   3.9377690e-01
  -1.6666277e+00
   1.3172984e+00
  -1.9843712e-01
   3.8441723e-01
   1.8591752e+00
   1.0938580e-02
   1.1463209e+00
  -3.2788813e-01
   1.0261127e+00
   4.6526090e-01
   8.6795702e-03
  -2.8429835e-01
   5.5383412e-01
  -9.3695653e-01
  -9.1492264e-01
   9.8048978e-01
   6.5810058e-01
   5.6754461e-01
  -3.8926975e-01
   1.0686149e-02
  -1.4628151e+00
  -1.3049282e+00
   4.1449655e-01
  -1.0731036e+00
   1.3671472e-01
  -1.5581760e+00
  -4.4644622e-01
  -9.3870019e-01
   5.5632807e-01
   9.3990378e-03
   2.7234567e-01
  -1.1460350e+00
  -1.1883139e+00
  -1.2577979e+00
   1.0708310e+00
   6.0297618e-01
   1.8784120e-01
  -7.8888755e-01
  -1.0757188e+00
   9.9130314e-01
   4.9675948e-01
  -1.0979177e+00
   1.6485794e+00
  -1.7640636e+00
   3.2548931e-01
   6.7487708e-01
   1.5340542e-01
  -9.6480317e-01
   2.5331817e-01
  -2.1183956e-01
   2.0196345e-01
  -3.1503036e-01
   5.1371783e-01
  -5.0150871e-01
  -1.2992986e+00
   9.0961515e-01
   9.7671188e-01
   8.3914362e-01
  -1.6022925e+00
   4.4183083e-01
  -1.0853775e+00
   8.9310509e-01
   9.4576653e-01
   1.0142658e+00
   1.8177369e+00
  -1.4267701e+00
   3.8697955e-01
   1.5780750e+00
   3.1841756e-02
   2.7299881e-02
  -7.0114259e-01
   1.1091989e+00
   2.6586032e-01
   1.2117969e+00
  -1.0323327e+00
  -8.3080100e-01
   4.2126425e-02
   1.9374961e-01
  -9.4879641e-01
   3.6957487e-01
  -2.7815589e-01
   1.2718530e+00
   5.5363215e-02
   2.6324562e-01
  -8.9491253e-01
  -1.6750152e+00
  -2.3246005e+00
   2.0092164e+00
   5.9549030e-01
   1.4857513e+00
  -1.4679767e-01
  -1.5617935e+00
  -1.1380196e+00
  -1.1818844e+00
  -2.4044195e+00
   6.8544550e-01
  -9.5148770e-01
   2.9706640e-01
   1.4505042e-01
  -6.6765340e-01
   1.2689995e+00
   3.1147217e-01
  -1.5310910e+00
  -8.7283366e-02
   2.9656659e-01
  -5.0196154e-01
   3.3483803e-01
   1.2732431e+00
   4.4360685e-01
   1.1035161e+00
   1.9212764e+00
   1.6630420e+00
   3.5132398e-01
   1.6305756e+00
  -1.5362317e+00
   3.9289158e-02
   6.3066760e-01
   3.4040399e-01
  -2.7180181e-01
  -2.1067345e+00
   3.6511907e-02
  -1.2498194e+00
  -6.1838478e-01
   8.3119009e-01
  -8.5002321e-01
   8.4307520e-01
  -7.6824240e-01
   1.9464174e+00
   1.0478513e+00
  -1.1142999e+00
   7.4086218e-01
   2.2696286e+00
  -2.6488482e+00
  -4.8722764e-01
  -1.2804448e+00
   3.3786665e-01
   8.7915723e-01
   1.9530471e-01
   7.4083740e-03
   3.3189421e-01
  -1.0639290e+00
  -1.0119263e+00
   7.7645349e-01
  -5.4008462e-01
   1.5081790e+00
   1.0147125e+00
  -9.5926939e-01
   3.7049304e-01
   7.2605916e-01
   1.9438611e-01
  -5.8855255e-01
   1.0400252e+00
   3.1086259e+00
   7.0700543e-02
   5.2166200e-01
   1.6170399e+00
  -4.5675649e-01
  -8.5010076e-01
   1.5671387e-01
  -2.1711186e+00
  -8.4986679e-01
  -9.0465406e-01
   1.0178386e+00
  -5.1293623e-01
  -9.0290094e-01
  -5.1296649e-01
  -5.5600808e-01
   1.2284372e+00
  -3.5975600e-01
  -9.7868020e-01
   7.2348947e-01
   3.9962264e-01
   7.6718031e-01
  -5.9946482e-01
  -1.3661750e+00
   2.7324115e-01
  -5.4929775e-02
  -5.2625552e-02
  -4.7261139e-01
   3.5454331e-01
   9.4028684e-02
  -1.8251896e-01
  -3.5849803e-01
  -2.4296102e+00
   1.2287271e+00
   7.6134034e-01
  -5.9030794e-02
   2.3125366e+00
   1.2193902e+00
  -5.3418245e-01
  -1.5906536e+00
  -1.0786839e+00
  -1.1539462e+00
   5.2480698e-01
   8.3188792e-02
   1.4683427e+00
  -1.1912019e+00
   2.9988324e-01
   2.0339361e-01
  -4.0841148e-01
  -1.2537027e+00
   1.0349469e+00
   2.0301310e+00
   8.8437760e-01
   6.7114745e-01
  -1.2084166e+00
   6.0934981e-01
   1.5005422e+00
   8.7597005e-01
   1.4935774e-01
  -2.8847804e-01
   5.8453239e-01
  -1.0157663e+00
  -1.3921606e+00
  -1.6931218e+00
  -2.9526952e-01
  -8.4449479e-01
   1.2027360e+00
  -1.6890500e-01
   8.3210820e-01
  -2.2296251e+00
  -6.2647213e-01
  -9.5545263e-01
   8.0160437e-01
   4.9347233e-01
   2.8890319e+00
   1.9846412e+00
   1.4732473e+00
  -4.1145440e-01
  -2.7134556e+00
   5.8967586e-01
  -6.6298090e-02
  -2.8514956e-01
   1.6934824e+00
  -3.0528759e+00
  -5.0285706e-01
  -2.0731144e+00
  -1.2730868e+00
   4.0675325e-01
   1.0016520e+00
  -2.9812281e-01
  -8.3469490e-01
   1.6493271e+00
   4.6649228e-01
   9.3053051e-01
   1.1099870e+00
   1.3409435e+00
   2.5729334e+00
   7.5233055e-01
   7.0797593e-01
   3.6913187e-01
   5.9675112e-01
  -1.9996841e-02
   8.5953981e-03
   2.4475943e-01
  -2.2756522e+00
   1.2096802e+00
   6.9998986e-01
   3.1359737e-01
   8.2206869e-01
  -5.4588352e-01
  -9.6681027e-01
   6.0270575e-01
   1.1538140e+00
   5.7567969e-01
  -2.9767919e-01
  -1.5260615e+00
   9.2286524e-01
   5.8898058e-01
   1.3635026e+00
   5.2944814e-01
  -3.8091083e-01
   4.7910413e-01
   2.3098045e-01
  -1.4222204e+00
  -3.9390964e-01
  -6.2850763e-01
  -5.1178061e-01
  -2.7057728e-01
  -9.3410904e-01
   2.4480795e-01
   3.3088914e-01
  -4.2251544e-01
  -4.1229293e-01
   1.8621545e+00
   1.4064748e+00
  -1.0813430e+00
   6.0636373e-01
  -4.7759091e-01
  -3.7941816e-01
  -7.4906997e-01
  -1.4850859e+00
   1.1905076e+00
  -1.9303139e+00
  -1.2291323e-01
   2.2575685e-01
  -1.6586112e+00
   8.4435837e-01
   1.9534632e-01
  -1.8120413e-01
  -5.1518293e-01
  -2.9578347e-01
   6.4384475e-01
  -1.8825410e+00
   4.6140878e-01
  -1.4320158e+00
  -1.0697638e-01
   1.1140628e+00
   1.0382575e+00
  -8.9085937e-01
   3.0692158e-01
  -1.2781398e+00
  -7.0951197e-02
   1.2712536e+00
  -1.8636018e+00
   1.7429525e+00
   7.2671571e-01
  -1.3272840e+00
   1.7800341e+00
   6.4987019e-01
   9.0242833e-01
   3.0364259e-01
  -4.4153907e-02
   1.1639628e+00
  -1.1468061e+00
  -1.7075536e+00
  -1.9748947e-01
  -4.5874796e-02
  -1.0010385e+00
   2.2688069e-01
   6.9851266e-01
   9.6544045e-01
   1.3140925e+00
  -1.6566112e-01
  -4.6646403e-01
  -1.4083637e-01
  -4.1449345e-01
  -8.5291447e-02
   1.0180422e+00
  -8.8556020e-02
  -2.6912634e-03
  -1.4240030e+00
  -9.1996500e-01
   1.9581902e+00
  -4.5269472e-01
  -2.2467498e+00
  -2.4478289e-01
  -1.2233457e+00
  -7.3665783e-01
   4.5612893e-01
   1.4031737e+00
   1.1844029e+00
  -1.6980611e+00
   1.7556123e+00
  -1.6619224e+00
   1.7207524e+00
  -8.9145738e-01
  -2.5264038e-01
   2.6869682e+00
   6.2371841e-01
   1.8775344e+00
   2.6958646e-01
   2.4458825e+00
   2.4512987e-01
  -3.4136931e-01
  -2.1345966e+00
   1.3318091e+00
   5.0027958e-01
  -2.4796347e-01
   1.7015712e+00
   1.7245307e+00
  -9.9039490e-01
  -2.9582811e-01
  -1.3097497e+00
   9.4677301e-01
  -2.7383693e-01
   3.5000440e-01
  -4.5099830e-01
   9.3015933e-01
   2.4467244e-01
   3.7984443e-01
   1.3243017e+00
  -1.6034640e-01
  -2.2662823e+00
   9.3046864e-01
   4.6879237e-01
   5.1928879e-01
   5.3642289e-01
   8.2740168e-01
   1.2195680e+00
   1.0785078e-01
  -6.8918081e-01
   1.2869712e+00
  -4.3814058e-01
  -9.0359021e-01
   8.9327689e-01
   9.8926344e-01
  -4.9375235e-01
   1.1085127e+00
   3.1397743e-01
   1.8984340e+00
   9.9482174e-03
  -2.4166537e-02
   7.4987903e-02
   2.2165658e+00
  -4.7985882e-01
  -2.3299553e-01
   3.2366453e-01
   4.9631167e-01
  -1.0928019e+00
  -5.2860849e-01
  -1.6137808e+00
  -7.8802094e-01
  -1.5327541e-01
  -5.6569348e-01
  -2.1950106e+00
  -2.3892055e-01
  -1.1735585e+00
  -1.0243865e+00
   2.4311868e-02
  -2.2478353e-01
  -1.0290868e-01
   1.5651311e-01
   1.7281640e-01
  -5.8114483e-01
   1.0851151e+00
   1.9996380e+00
  -1.2963699e+00
  -1.2227464e+00
  -1.8556410e-01
  -2.1573013e+00
  -5.6943844e-01
  -2.2750598e+00
  -9.3374217e-01
  -1.3124017e+00
   2.6599597e-01
  -3.8280419e-01
   3.4479620e-01
   7.9693459e-01
   9.3181768e-01
  -1.1804510e+00
   1.1751492e+00
  -2.3443928e-01
   1.3002394e+00
   1.0851546e+00
  -4.5224597e-01
   1.8315411e+00
   1.1523255e+00
   2.8881086e-01
  -4.2626546e-01
   3.2004214e-01
   1.6424274e+00
  -7.8933851e-01
  -9.2502402e-01
   3.4886105e-01
   4.4174021e-01
   7.9433720e-01
   5.6734419e-01
  -1.0198975e+00
   2.1631870e+00
   7.3864819e-01
   3.9889889e-01
   5.2136905e-01
   5.5997400e-01
   8.6321272e-01
   5.9880989e-01
  -4.5306198e-01
  -8.1080506e-01
  -1.5015045e+00
  -9.8894613e-01
  -7.1425299e-01
   1.5805310e+00
   9.5174077e-01
   6.7133315e-01
   1.3588310e+00
   8.7480587e-01
  -4.0605398e-01
  -1.1332710e+00
   6.3021385e-01
   1.6018221e+00
  -1.6712484e+00
  -1.0209680e+00
  -1.7237164e+00
  -8.4682831e-01
  -1.1018661e+00
   1.6699498e+00
  -7.1008674e-01
  -9.7067890e-01
   6.8924357e-01
   1.1433338e+00
  -1.2612761e+00
  -7.3185674e-01
  -6.5652974e-01
  -4.0317865e-01
  -1.1328765e-01
  -2.0016368e-01
  -8.6560013e-02
   2.0660815e-01
   7.1665475e-02
   1.2991876e-02
   7.7639405e-01
  -5.4624320e-01
   2.0747261e-01
   7.9131769e-02
  -1.8642335e+00
   3.0189050e-01
  -6.3519876e-01
   1.5972204e-01
  -5.1722668e-01
   1.0582584e+00
  -9.2733126e-01
  -1.0122943e+00
  -6.0425681e-01
  -4.3346072e-01
   5.4545469e-01
  -2.6702417e-01
  -1.9055693e+00
   1.1856835e+00
  -3.5366991e-01
   1.0261048e-02
  -5.0538338e-01
   3.9151801e-01
  -2.7578263e-01
  -7.3930076e-01
  -5.3639002e-01
   2.4090855e+00
  -1.0003617e-01
  -4.3339303e-01
  -6.3052566e-01
   4.2858102e-01
  -3.3146374e-01
   6.0939196e-01
   2.9882157e-01
  -1.7094561e-01
  -9.1920473e-01
   8.6229657e-01
   7.3724959e-01
  -2.9491907e-01
  -1.1483825e+00
   1.7275170e+00
   1.3182487e+00
   1.0737785e+00
  -1.1412313e-01
   1.3373217e+00
   1.2045148e+00
   2.5522868e-01
   2.5814828e-02
  -5.3596830e-01
  -4.9938134e-01
  -1.3317173e+00
   1.7480791e+00
   7.7788218e-01
   3.1837755e-01
  -1.7138133e+00
   1.2419565e+00
  -1.4917769e-01
   3.4052415e-01
   1.1068059e+00
   7.5160476e-01
   1.4977765e+00
  -1.5406681e+00
  -2.4388433e+00
  -7.6306518e-01
   2.5479182e-01
  -1.0608981e+00
  -4.2699881e-01
  -2.8687769e-01
   7.0830899e-01
  -5.0158098e-01
  -2.7076574e-01
   1.5529781e-01
   4.4631839e-01
  -8.6892793e-01
  -5.6863361e-01
  -9.7179488e-01
  -1.4615853e+00
   4.9541793e-01
  -8.5306171e-02
   5.5774932e-01
   1.8937155e-01
   1.7544049e+00
  -6.3118196e-01
  -2.3761521e-01
   1.4684129e+00
   1.0587306e+00
  -2.3669331e+00
   9.2789415e-01
   1.5806013e+00
   1.7097198e-01
  -2.6462039e-01
   3.3284225e-01
  -1.1375361e+00
   5.1110442e-01
  -1.3216350e+00
  -1.9924564e-01
   7.2702592e-01
   4.6659292e-01
  -2.3449512e+00
  -1.4754956e-01
  -6.1865017e-01
  -4.3230441e-01
  -2.0354738e-01
  -7.0634893e-01
  -3.4990018e-01
  -5.8630585e-01
  -4.2069351e-01
   7.9795387e-01
  -4.1624840e-02
  -6.1496595e-01
  -3.0869495e-01
   6.3913558e-01
   6.6689908e-01
   6.7526284e-01
   6.0679339e-01
  -4.2142258e-01
   1.0587489e+00
  -2.3408326e+00
  -3.7397689e-01
   1.8003582e-01
   1.0231542e+00
  -1.7415623e-01
  -9.8028426e-02
   4.7583832e-01
   1.6001294e+00
  -6.5135308e-01
  -7.3850583e-02
   3.7981878e-01
   5.2248422e-01
   2.2336301e-01
   6.9325008e-01
  -1.2358146e+00
  -1.7182229e-01
  -5.0065874e-01
   9.5217512e-01
   1.8573810e-01
  -1.2815882e+00
   5.2752823e-01
   1.0620077e-01
   5.0968988e-01
  -6.4312238e-01
  -9.5767025e-01
   6.8202935e-01
   4.6810856e-02
  -3.6117536e-01
  -1.2091558e+00
  -9.1703848e-01
   9.7922723e-01
   2.1277333e-02
  -2.8809105e-01
  -1.1755815e+00
   7.3360854e-01
  -1.2337756e+00
   1.9081406e-01
  -6.5803398e-01
  -7.3834506e-03
  -6.1019049e-01
  -1.5438026e+00
  -9.5089317e-01
  -1.0777113e+00
   2.5754350e+00
   8.9664794e-01
  -8.2299133e-01
   1.5353374e+00
   1.8024508e+00
  -4.9183548e-01
  -7.7724580e-01
  -2.5273122e+00
  -2.9770873e-01
  -5.7644050e-01
   1.6771226e+00
  -8.1269984e-01
   9.1879130e-01
  -1.7008702e+00
  -4.6108632e-01
  -4.4190016e-01
   2.3881045e-01
  -7.9622489e-02
  -1.8115824e+00
  -4.4875918e-01
   1.5300090e-01
  -1.5145294e+00
  -1.0772249e+00
   1.0484437e+00
   5.1634374e-01
   1.0829793e+00
  -6.7054738e-01
  -2.0540134e+00
  -2.5493462e-01
  -3.3943355e-01
   3.3167449e-01
   1.0306923e+00
   7.2460293e-01
   1.2312282e+00
   1.1344397e-01
   3.1564740e-02
   5.8437584e-01
   9.1478060e-01
  -2.9549741e-01
   8.4169821e-01
  -7.1835701e-01
  -3.5098495e-01
   3.2575777e-01
   8.7373295e-02
  -2.4528017e+00
   1.4987112e+00
   8.5484575e-01
   7.2261234e-01
  -2.0606517e-02
   9.8902122e-02
  -1.0665998e+00
   2.5487133e-01
   5.1420163e-01
   5.1533574e-01
  -7.1719937e-01
  -3.3984656e-02
   1.1272730e-01
  -1.1086944e-01
  -2.0434205e+00
   5.9951703e-01
   3.8809574e-01
   4.8476323e-01
  -4.9418466e-01
   7.6666187e-01
  -3.7808622e-01
  -9.7405597e-01
  -9.3416487e-01
   1.2705630e+00
  -6.3373430e-01
  -7.6660336e-01
   8.1574785e-01
  -1.2257540e+00
  -2.6256802e-01
  -2.7754508e-01
  -8.0452503e-01
   9.6435423e-01
   1.7681025e-01
   7.6957781e-01
  -8.3443489e-01
  -3.7334701e-01
   8.7952889e-01
  -1.4719185e+00
  -2.7082637e-01
  -3.3140641e-02
   5.3181385e-01
   3.5187460e-01
  -1.1447207e+00
  -1.8122798e+00
   3.7961733e-01
  -4.4409321e-01
   1.4766295e-01
   1.0809422e+00
  -5.6569748e-02
   1.7397682e-01
   1.1837885e+00
   9.2700095e-01
   6.5326817e-01
  -8.2669853e-01
  -1.5296904e-01
  -5.4273094e-01
   4.1408279e-01
   7.5003157e-01
  -1.3190984e+00
  -2.7643399e-01
   2.4351606e-01
   3.0104485e-01
   6.8323091e-02
  -1.7247676e+00
  -3.0264553e-01
   7.5804035e-01
   1.9627494e+00
   7.4993979e-01
  -1.5567090e+00
   3.9958458e-01
   1.0277334e+00
   5.5068273e-01
  -9.4943595e-01
  -5.3378598e-01
   3.5536486e-01
   1.3178213e+00
  -7.8096338e-02
  -1.2211937e-02
   1.1424962e+00
   1.1455015e+00
   3.5994043e-01
  -1.1539597e+00
  -5.1993866e-01
   6.2739743e-01
   9.5632552e-01
   5.3750722e-01
  -4.3860036e-01
   2.4539275e-01
  -1.3644519e+00
   8.2191439e-01
  -5.7605973e-01
   1.7622112e+00
  -4.2813593e-01
  -3.5630116e-01
  -4.4539296e-01
   2.0026256e+00
   4.8509100e-01
  -1.5418807e+00
  -1.2971325e+00
   1.0916286e+00
   2.6396505e-01
   6.6612294e-01
  -1.1767662e+00
  -6.8580094e-01
   3.3461349e-01
  -1.7567009e+00
   8.9926319e-03
   4.4793690e-01
  -9.8399702e-01
  -3.3615706e-01
   1.1583573e+00
   1.4542918e+00
  -1.0465204e+00
   3.8258647e-01
   1.4560276e-01
  -1.0996415e+00
   9.3456977e-01
  -5.2333181e-01
   6.1848449e-01
  -1.2428571e+00
  -2.1554479e-02
   6.8909964e-01
   4.8478058e-01
  -4.9788693e-01
   5.3973199e-01
  -7.4462520e-01
  -1.1180031e+00
   3.1473408e-01
   7.3764142e-01
   4.2091417e-01
  -9.6723371e-01
   5.9621952e-01
   1.5226965e-01
   2.8971865e-02
  -2.8875859e-01
  -2.5865244e-01
   1.0049611e+00
  -5.3875171e-01
  -7.5680454e-01
   1.7247615e-01
   5.0618167e-01
  -1.8093832e-01
   1.5953832e+00
   9.1087103e-01
   1.1787590e+00
   1.1491302e+00
  -2.5378949e-01
  -2.7693881e+00
   1.2574782e+00
  -5.1108193e-01
   1.9559963e+00
   2.8635224e-01
  -1.1185016e+00
  -1.3141833e+00
  -5.5301993e-01
  -1.4298897e-01
   5.0932601e-01
  -9.2818835e-01
   1.4086932e+00
   9.0902178e-01
  -3.9164358e-01
  -2.0870074e+00
  -7.1998509e-02
   2.6369685e-01
   8.1248335e-01
  -5.2490523e-01
  -7.8622294e-01
   6.9133593e-01
   8.9981043e-01
  -4.5525746e-01
   4.6364262e-01
  -1.3056210e-01
   9.6223084e-02
   5.2667528e-02
  -9.0805215e-01
  -9.5153728e-01
   1.3966685e-01
   3.9168627e-01
  -1.2394592e+00
   6.1780377e-01
  -8.5474535e-01
   1.1694002e+00
  -2.2822110e-01
  -5.7163833e-01
   9.3781223e-01
  -2.0548533e-01
   3.4464690e-02
  -1.8678897e+00
  -1.4788600e+00
   4.4217653e-01
  -7.8317577e-01
   2.3668698e-01
   4.3185348e-01
  -1.8344796e+00
   7.2248523e-01
   5.8989849e-01
  -4.7891014e-01
   8.0647091e-01
  -1.1734461e+00
   1.3012248e+00
  -2.0383079e-01
  -1.9089847e+00
  -1.4056592e+00
  -6.1614133e-01
   3.6932774e-01
  -1.1895357e+00
  -3.6127142e-01
   7.9109573e-01
  -6.1304054e-01
  -8.2612836e-01
   1.1670983e+00
  -5.1815857e-01
   1.9539483e-01
   2.6665011e-01
   2.9278861e-01
  -4.0070968e-01
  -4.7799938e-01
  -9.6670856e-01
   1.6418828e+00
  -9.2539113e-02
  -1.1806634e+00
   1.1492079e+00
   5.9528844e-01
  -1.0265402e+00
  -1.6215440e+00
   4.1811028e-01
   2.8602879e-01
   2.1543759e-01
  -2.1607110e+00
   5.5026605e-01
   4.7395708e-01
   1.1822556e+00
   2.7261413e-01
  -8.6131705e-01
  -8.7982267e-01
  -1.4212957e+00
   1.5951783e+00
  -4.2826360e-01
  -8.0283315e-01
  -1.5795499e+00
   1.2569920e+00
   8.6760888e-01
  -6.6646494e-01
   9.5567347e-01
  -5.8766865e-01
  -5.6022956e-01
  -3.9439074e-01
  -1.3072920e+00
  -8.8192623e-01
  -6.5335660e-03
  -3.7042970e-01
  -2.6067597e-01
   4.2886573e-01
   7.1224351e-01
   4.0877722e-01
  -9.0218237e-01
   8.4414198e-01
   5.8712822e-01
   2.4260528e-01
   2.1870955e+00
   2.5520696e+00
   1.4324713e+00
  -1.1309589e+00
   5.0677107e-01
   9.4248328e-01
   8.8286244e-01
  -9.7762990e-02
   2.5048378e+00
  -8.5420276e-01
  -2.4967198e-01
  -1.0701530e+00
  -6.8458476e-01
  -3.6815244e-01
  -4.0043373e-01
   9.8336906e-01
  -5.9763878e-02
   8.7437479e-02
   1.3875025e-03
   1.4510838e+00
   1.1352282e+00
  -1.0760471e+00
   5.3485712e-01
   7.9706154e-01
  -4.8122909e-01
  -1.1205384e+00
  -1.0404633e-01
  -2.0968344e-01
  -6.1226898e-02
  -9.6719178e-02
  -4.1816626e-01
  -1.6983068e+00
  -8.6332019e-01
  -4.3470423e-01
  -6.9017176e-01
  -1.5203830e+00
  -2.4062073e-01
   2.6092081e+00
   4.0208586e-01
  -8.4872045e-01
  -3.7271396e-01
   7.8497931e-01
   5.0184637e-01
   8.3596366e-01
   2.0164939e+00
  -1.2341601e+00
   1.4189156e-01
  -5.7354215e-01
  -3.0410626e-01
  -6.2652100e-01
  -6.3010477e-01
  -5.3972425e-01
  -2.2860983e+00
  -4.5964892e-01
  -1.0621699e+00
   1.1320946e-01
   1.8093125e-01
   5.0133707e-01
   2.5554186e-02
  -4.2891548e-01
  -8.6133373e-02
  -5.5287043e-01
   5.7448108e-01
   1.1560670e+00
  -7.5907649e-01
  -1.0002721e-01
  -5.2297719e-01
  -2.2894176e-01
  -3.0514544e-01
   1.6530267e+00
   9.6609140e-01
  -8.1728381e-01
   1.2566817e+00
   5.5603231e-01
  -9.6475268e-01
   1.0732873e+00
  -1.7983108e+00
   2.2617129e-01
   1.7720392e+00
  -1.3335287e+00
  -7.8240470e-01
  -1.1957187e+00
   2.6753303e-01
  -1.6975858e+00
  -8.9145956e-02
  -1.4943866e+00
   4.3166599e-03
  -1.4020598e-02
   3.1928469e-01
   1.4726470e-01
  -1.4113982e+00
   5.1621719e-01
   8.6933621e-01
   7.1747551e-03
   1.6961744e+00
  -1.1381635e+00
   1.6508705e+00
   1.0040549e-01
  -1.2510167e+00
  -7.1672004e-02
  -6.5794553e-01
   1.3287177e-01
   1.3715399e+00
  -2.0445110e-01
  -2.3134530e+00
   5.9345820e-01
  -4.0184994e-01
   2.6918786e-01
  -7.3651993e-03
   7.1770008e-01
   8.0094879e-01
  -2.5855029e-01
   5.3714501e-02
   8.8766585e-02
   1.5295696e-02
   9.2205376e-01
   6.2526177e-01
  -5.1658119e-01
  -1.0285955e-01
   3.7653056e-02
  -5.8571471e-01
   7.5227112e-01
  -1.2142797e+00
  -2.4350361e-02
  -8.7032922e-01
   1.3372804e-01
  -1.8872925e-01
  -1.2027704e+00
   9.4556559e-02
  -6.0226617e-01
   1.5919651e-01
   8.1833279e-01
   1.0454209e+00
   3.5882995e-02
   1.2875445e-01
   3.3444960e-01
   1.9090190e-01
   1.5097948e+00
   7.5002716e-02
   1.7506417e+00
  -6.8536076e-02
  -3.1470024e-01
  -1.4221570e+00
   6.2373390e-01
  -8.1773754e-02
   5.4632527e-01
  -8.1938694e-01
   1.6075218e+00
   8.4354922e-01
   3.8764166e-01
  -3.8935459e-01
   4.1530512e-01
  -1.7353620e-01
   1.2609901e+00
  -1.2204265e+00
  -5.4029080e-02
   1.4154889e+00
   2.0908932e+00
   1.5810453e-01
   4.5560848e-01
   2.2150942e-01
  -1.2647293e+00
  -7.3255364e-01
   6.4853606e-02
  -5.3955176e-01
   1.4749335e-02
   6.6040827e-01
   8.6110824e-01
  -1.3228161e+00
  -4.6328028e-01
  -2.7405711e-01
   1.3473223e+00
   3.6463146e-01
  -1.0051247e+00
  -5.9566234e-01
  -7.3162892e-01
  -3.9362161e-01
   9.3728848e-01
   1.6007612e-01
  -5.0468508e-01
   6.4043198e-01
   6.3904287e-01
  -2.3791838e+00
  -2.2754661e-01
   2.2430724e+00
   3.9206173e-01
  -8.2129305e-01
  -3.2990902e-01
   1.0622062e+00
  -3.5754110e-01
   5.9642084e-01
  -1.2370035e-01
  -1.5126928e-02
  -3.0058979e-01
  -3.5205854e-01
  -9.9175145e-02
   7.5752324e-01
   1.0015396e+00
  -7.3259238e-01
  -1.0147554e-01
  -4.1999795e-01
  -8.6075497e-01
   1.5482995e+00
   1.6450519e-01
  -8.8941433e-02
   2.0250044e+00
   2.8262567e-01
  -1.4446499e-02
  -2.0348451e-01
  -2.5187094e-01
  -1.0663386e+00
   2.5321157e-01
   1.8450453e+00
  -2.4480941e+00
   1.0653033e+00
   8.3129919e-01
   1.3153514e+00
   3.9239785e-01
   2.1880134e-01
   9.0104669e-01
  -7.8599596e-01
  -3.0327243e+00
   1.3843487e-01
  -4.8519309e-01
   1.1834477e+00
  -1.7501407e+00
  -1.2005512e+00
  -3.0267771e-02
   3.0693473e-01
   8.2776731e-01
   4.6068781e-01
   9.0498564e-01
   5.4332827e-02
  -2.4002224e-02
   8.1260097e-01
  -2.9828879e-01
  -1.8361763e+00
   1.9480205e+00
   9.4443545e-01
   2.6894777e-01
  -3.6600817e-01
   2.5284300e-01
   1.0062477e+00
   1.1287213e+00
   1.0767169e+00
  -9.5457388e-01
   6.1688696e-01
  -5.0892716e-01
  -6.6293799e-01
  -1.8338166e+00
   6.2919299e-01
   1.2687127e+00
  -2.1845484e+00
  -1.1623631e+00
   1.9217079e+00
  -4.6876496e-01
   1.2649592e+00
  -6.0685769e-01
   1.1837524e+00
  -5.7945050e-01
   5.6062379e-01
  -1.0844347e+00
  -1.1162988e+00
   8.6958598e-01
  -1.6599555e-01
   1.6767142e-01
   5.5394295e-01
   1.9389108e+00
  -8.4828084e-01
  -1.4228783e+00
  -6.9783105e-01
   1.3252515e+00
  -1.0947335e+00
   1.0391245e-01
   9.5318302e-01
   2.2796636e+00
   3.4512215e-01
  -6.2029713e-01
   2.9450667e-01
   2.0161105e-01
   2.0118288e+00
  -1.5639432e+00
   1.4527677e+00
   1.4292084e+00
   1.0877340e+00
   3.3356293e-01
   1.0238575e+00
  -1.8376733e+00
  -6.7635032e-01
   1.1036928e+00
   1.3314568e+00
  -9.6725534e-01
   7.5130156e-01
  -5.6374569e-01
  -1.6143026e+00
   1.6590987e+00
  -3.8378102e-01
   8.3527606e-01
  -1.8220622e+00
   1.3782344e-01
   2.1346439e+00
   1.4107659e-01
   1.2252127e+00
  -6.4996898e-01
   9.8352975e-01
  -3.3488800e-01
   7.4010547e-01
  -1.0669995e-01
   3.7439386e-01
   6.0972091e-01
  -7.8076874e-01
   1.4331239e-01
  -5.7362282e-01
   9.2715620e-01
   7.7072215e-02
   2.8201785e-01
   7.7473494e-01
   8.1462210e-01
   4.2333198e-01
   7.4864276e-01
  -7.6177813e-01
   2.0624165e+00
   1.7198198e+00
   2.4863616e+00
  -1.6097540e+00
   2.4667978e-01
  -3.2301005e-01
  -7.5856160e-01
   1.4479796e+00
   3.3906577e-01
  -2.0435382e+00
   7.0944003e-01
  -1.0303150e+00
   1.5352469e+00
  -1.2947110e+00
   3.2129116e-01
  -1.1760743e-01
  -2.0346324e-01
   5.8721199e-01
  -9.4082168e-01
   7.8190383e-02
   1.9799754e+00
   6.9681342e-01
  -5.4474931e-01
  -3.6894181e-01
   9.9265778e-01
  -1.6987150e-01
   1.5226879e+00
   7.4691030e-01
  -2.9678580e-01
   9.7253117e-01
  -1.4986441e+00
   1.3826886e+00
  -3.2358152e-01
   3.7185800e-01
  -5.5645326e-01
   2.9359640e-01
   1.7853386e+00
  -4.4252952e-01
   2.5085120e-01
  -7.7859087e-01
  -1.6151249e-01
   2.1322537e-01
   9.7019057e-02
   1.2270585e+00
   1.2906683e+00
   9.3552408e-01
  -6.1988034e-02
  -1.6753254e-01
   1.4485411e+00
  -7.7808902e-01
   3.9011253e-01
  -4.5245711e-01
   1.0142237e+00
   4.7301720e-01
  -1.2127665e-01
   1.1587507e+00
   9.7889458e-01
   2.6312906e-01
  -2.1409573e+00
  -7.4837048e-01
  -1.1648787e+00
  -4.7529963e-02
  -7.1523924e-01
  -2.3987356e+00
  -3.6441223e-01
  -1.5583579e+00
  -3.1054820e-01
   1.4064501e-01
   1.6924534e+00
  -1.3415981e+00
  -1.5629500e-01
   1.3621105e+00
  -1.9671194e-01
   1.4160675e+00
  -3.3723894e-03
  -1.0090528e+00
  -5.4523997e-01
   1.1114557e+00
  -4.4423900e-01
   1.4648315e+00
  -6.1294655e-01
  -3.5570676e-01
   1.5509483e-01
   8.5538991e-01
   1.1492646e+00
  -4.6404025e-01
   1.4316197e+00
  -5.1238251e-01
   1.1199190e+00
  -5.0059587e-01
  -1.4582359e-01
  -2.2088605e+00
   1.6494550e-01
  -3.2805694e-01
   5.9532338e-01
   1.2572985e+00
   2.9740680e-01
  -4.1358010e-01
   1.4958558e+00
  -1.6093372e+00
  -5.6322524e-01
   1.1420257e+00
  -7.5675034e-01
   8.4424875e-01
  -8.8304674e-01
  -2.2903925e-01
  -6.3517636e-01
  -7.2661583e-01
  -4.6864516e-01
   7.4483714e-01
  -1.7327062e+00
   2.2372981e-01
  -1.4275946e+00
  -3.0500005e-01
  -9.2089061e-02
   1.2143655e+00
  -1.1099038e+00
  -2.6132383e-01
   1.1126845e+00
  -1.1960589e+00
  -1.8180715e+00
   5.4397832e-01
  -4.6326742e-01
   1.6766292e+00
  -1.0225807e+00
   3.1563198e-02
   3.6819460e-01
  -2.2926392e-03
  -1.5827420e-01
  -1.0898815e+00
  -5.5405365e-01
   7.0104928e-01
   1.0954801e+00
   1.4608902e-01
   3.6389772e-01
   5.5765424e-01
   2.0135930e+00
  -5.8189135e-01
  -8.7891988e-02
  -1.2173543e+00
  -9.0855405e-01
   1.3933868e-01
   4.8744304e-01
   5.4505557e-01
   4.4435650e-01
  -9.5931007e-01
   6.1160411e-01
  -4.9413422e-01
  -3.1127015e-01
  -2.2820925e+00
  -1.0569785e+00
  -1.8490326e+00
  -3.5138057e-01
  -9.3298166e-01
  -4.5306035e-01
   2.6415229e-01
  -1.3901623e+00
   7.4564151e-01
   9.1732305e-01
  -1.7763276e-01
  -1.9734845e-01
  -1.7145858e-01
   6.0090073e-01
   8.5798611e-02
  -7.5291975e-01
  -7.9675753e-01
  -4.8925997e-01
  -5.9963136e-01
  -4.4197303e-01
   1.4826199e-01
  -6.0792625e-01
   8.6029560e-01
  -3.0018697e-01
   3.7852524e-01
  -4.1257880e-01
   6.7274012e-01
  -1.2818803e+00
  -1.5323613e+00
  -7.3501671e-01
   2.2446514e+00
   1.6723752e+00
   7.2110856e-01
  -1.8777805e-01
  -4.7316355e-01
  -2.4967615e-01
   2.4774919e-01
   1.5001754e+00
   6.6243976e-01
   1.4341109e+00
  -1.1667213e+00
  -2.2115870e+00
  -3.5801434e-01
  -1.2453189e+00
   2.4182652e-01
  -1.3699734e+00
   4.3618038e-01
  -4.9569396e-01
   3.1343215e-01
  -1.6617831e-01
   1.3898375e+00
  -1.1037549e+00
  -3.2485980e-01
  -1.4541555e+00
  -1.6410491e+00
   1.3146558e+00
  -3.3717824e-01
   7.1727829e-02
  -6.3732892e-01
   3.0659456e-01
  -1.9212251e-01
   1.4560734e-01
  -9.2230053e-01
  -3.3913365e-01
   1.4941065e+00
   7.5020564e-01
   1.9516119e-01
  -8.6605315e-01
   2.3838552e-01
  -2.1260357e+00
   9.8687148e-01
  -2.8068105e-01
   3.9127023e-02
   2.1300854e+00
   5.7285383e-01
   1.1385438e+00
   9.7948302e-01
  -3.4953983e-01
  -5.8816939e-02
   4.4663750e-02
  -3.6642884e-01
  -2.3154970e-01
  -1.8736320e+00
   5.9873830e-02
  -1.5265176e-01
  -1.6152178e+00
  -5.7078958e-01
  -1.3382115e+00
   1.7681432e-01
  -1.0526436e+00
   4.1446976e-01
  -1.5716263e-01
   4.9855648e-01
   7.2856551e-01
  -1.1029023e+00
  -1.6812791e-01
  -1.6993278e+00
  -8.7796208e-01
   1.1169812e-02
  -5.7880564e-01
   8.5360245e-01
  -1.2248723e+00
  -6.6716113e-01
   1.5341614e+00
   7.7593740e-01
  -1.9091962e+00
  -7.4300539e-02
   9.7402001e-02
  -1.1793385e+00
   1.9142787e+00
  -6.9077233e-01
   7.7056133e-01
   1.0224167e+00
   5.2433282e-01
   1.7992357e-01
   5.6661873e-01
  -1.0153777e+00
  -1.0230500e+00
  -3.2131672e-01
  -2.2878820e+00
  -3.9724918e-01
   2.4370202e+00
   3.4422783e-01
   2.8519229e-01
  -2.0467856e-01
  -1.0433762e-01
  -7.2394162e-01
   1.3746933e+00
  -3.6624044e-01
   3.1801906e-01
  -9.0066073e-01
  -8.8488141e-01
  -6.0837060e-01
  -6.6162033e-01
  -1.4924092e+00
  -6.1005482e-02
  -1.4595865e+00
   8.1903955e-02
   4.9588516e-01
   6.9724488e-01
   9.0132209e-01
   1.7499889e+00
  -8.3758504e-01
  -8.4600942e-01
   1.1506227e+00
   1.4234350e+00
  -4.4570038e-01
  -6.7947583e-01
  -5.1029806e-01
  -1.4547110e+00
   2.5151031e-01
   6.5694676e-01
   2.3162199e+00
  -3.6590718e-01
  -1.6218204e-01
   3.7078880e-01
   2.8257122e-01
   2.2661015e+00
   3.3890466e-01
   2.0243151e+00
   8.7962094e-01
   1.4813181e+00
  -9.8429953e-01
   1.5387168e+00
  -8.8447683e-01
   1.3256866e+00
  -1.1674315e+00
   2.7476844e+00
   7.0018581e-01
   2.3896531e-01
  -1.6489609e-01
   6.7485640e-02
   1.3325462e-01
   1.2774631e-01
   3.3484822e-01
  -1.0611078e+00
  -4.1611803e-01
   4.5515709e-01
   4.8213016e-02
  -3.9340300e-01
   7.0813800e-01
   9.0569514e-01
  -3.3060358e-01
  -9.9379851e-01
   1.0630401e+00
  -2.5581424e-01
  -5.9911598e-01
   1.7617242e+00
   1.0793562e+00
  -9.0791876e-01
   1.7371820e+00
  -1.6815344e+00
   5.8792778e-01
   1.0505785e+00
  -2.4505330e-01
  -1.6116131e+00
  -6.4479643e-01
  -5.5664491e-01
   6.4649223e-01
  -4.2692173e-02
   1.9126698e-02
   9.6367591e-01
  -6.4882958e-01
  -8.1445255e-01
  -2.8018357e-01
  -1.3401231e+00
  -1.1799348e+00
  -2.3803818e-01
  -7.6595519e-01
  -8.5912552e-01
  -3.8516130e-01
   1.2790121e+00
   1.2481948e+00
   2.3840118e-01
   2.1494876e-01
  -7.6326912e-01
  -1.0246693e+00
  -6.7414323e-01
   1.1141484e+00
   9.5190822e-01
   8.4399341e-01
  -3.7537098e-01
   9.9027412e-01
   4.1278464e-02
  -1.1166993e+00
   1.0742122e+00
  -6.8018648e-01
  -5.9411986e-01
  -5.9168750e-01
   1.1630695e+00
  -1.2304159e+00
   3.0648276e-01
   1.7489019e-01
   6.8735728e-01
   5.9542585e-01
   1.0164204e+00
   1.0548927e+00
  -3.8318249e-01
   1.0820522e+00
   1.0836270e-01
   1.2293073e+00
   1.3555074e+00
   9.0803628e-01
  -3.4021928e-01
   2.5362107e-01
   6.6779143e-02
   2.1554607e-01
  -6.4564743e-01
   7.8635505e-02
  -1.3163579e-02
   1.3468486e+00
   2.2159387e-01
  -1.7367256e+00
  -8.9698995e-01
   2.5931303e-01
  -1.1730869e+00
  -3.2515439e-01
   1.1080760e+00
   6.1371525e-01
  -3.8935195e-01
   7.4186780e-01
  -5.9406821e-01
  -9.3466165e-01
   7.1306580e-01
   9.9499897e-01
  -1.9037248e+00
   7.3911780e-01
  -1.5434817e+00
   3.8185446e-01
   1.6567417e+00
   2.2626886e-01
   8.5990229e-01
  -6.0033505e-01
  -9.4715899e-01
  -1.5670838e+00
   8.8407918e-01
  -4.6536299e-01
   9.5571406e-01
   1.0059635e-01
  -1.1426754e+00
   8.4478631e-01
   4.6028633e-01
   7.8622351e-02
  -8.4391415e-01
  -1.3302788e+00
   1.0150599e+00
   7.7360790e-01
   2.1383658e+00
   1.1005067e+00
  -1.4442809e-01
  -1.5726537e+00
  -4.3428345e-01
   1.9945907e+00
   4.3757866e-01
   4.3840143e-01
   1.6790879e+00
  -8.7124709e-01
  -4.8063793e-01
  -1.1570344e+00
   1.2048778e+00
   1.8107777e+00
   1.1161976e+00
  -1.3429802e+00
   7.4774974e-01
  -4.6569504e-01
   2.0278243e-01
  -5.7024725e-01
   8.5831464e-01
  -9.7989055e-01
   3.9324710e-01
   1.6518162e+00
  -1.0299399e+00
   1.3627746e+00
  -1.3179412e+00
  -1.2901978e+00
   8.1718171e-01
  -4.0435710e-01
   1.7042334e+00
   5.5859060e-01
   9.7165899e-01
  -9.3983148e-01
  -6.6089444e-01
   2.0935968e+00
   6.1628068e-01
  -1.5029129e+00
  -1.5046515e+00
  -1.7015260e+00
  -2.5510650e-01
   2.6513074e+00
  -1.8356858e+00
   1.4003721e-01
   1.9174468e+00
   9.7517612e-01
   2.1885668e+00
  -1.7479905e+00
  -7.6603942e-02
  -6.7205288e-01
  -5.2962192e-01
   1.2906351e+00
  -5.9190805e-01
   2.8523685e-01
   1.2031807e+00
   5.2652967e-01
   1.4131806e+00
  -6.2304105e-01
   9.1694377e-01
  -1.5115280e+00
   5.1555739e-01
   4.1631466e-01
  -4.0032029e-01
   6.0957051e-01
  -2.3692252e+00
   1.8319552e+00
  -9.3775929e-01
   4.2964124e-01
   6.1244844e-01
  -1.6304145e+00
  -4.7346765e-01
  -1.6476890e+00
   7.7810457e-01
   7.8378399e-02
   1.2136128e+00
  -9.9112415e-01
   8.9442533e-01
   2.5045692e-01
  -1.5393253e-01
   1.1179861e+00
  -1.5227704e+00
  -5.5565268e-01
  -4.0576637e-01
  -8.9132317e-01
  -4.9706111e-01
   2.2743105e+00
   5.6325925e-01
   2.6717701e-01
   1.9364114e-01
  -2.6263144e-01
   1.0817342e-01
   6.8740320e-01
  -1.3161233e-01
  -1.4812187e+00
   6.2954844e-01
  -1.4576313e+00
   2.5970443e-01
   7.2504307e-01
  -4.7561636e-01
   4.7087426e-01
   1.7371467e+00
   1.1221594e-01
  -1.2576003e-01
   1.2408848e+00
  -6.0300204e-01
   1.6615752e+00
   1.8989832e+00
   2.2312120e-01
   6.0867865e-01
  -1.0020272e+00
  -8.2516811e-02
   1.7398941e+00
   3.0092909e-01
  -1.4650138e-01
   1.8641863e+00
  -4.2911800e-01
  -6.1455883e-02
  -2.1524551e-02
   1.5305702e+00
   7.1117404e-01
  -4.3151512e-01
   7.4852657e-01
  -4.9999022e-01
   1.8699179e+00
  -2.2451637e+00
   4.1999651e-01
   1.1113152e+00
   3.4143604e-02
  -1.1870366e+00
   9.3520128e-01
  -5.1890015e-01
   7.4307108e-01
  -2.5811440e-01
   5.9721863e-01
  -1.8619432e-01
   8.9702670e-01
  -6.0502170e-01
   2.3872094e+00
   1.2802726e+00
   7.7227758e-01
  -6.4584199e-01
   7.7733414e-01
  -3.2487547e-01
   1.7513450e+00
   7.4507619e-01
   1.3916575e+00
  -1.7673044e-01
  -4.7664980e-01
   2.6051425e-01
  -4.3408191e-01
  -7.1293922e-01
   1.3262415e+00
  -1.0014549e+00
   2.3731413e-01
   1.6449095e+00
  -1.1372660e+00
   1.1631785e+00
  -9.1946503e-02
  -9.3556787e-01
  -1.1843110e+00
   6.0873364e-01
   2.9345972e+00
   7.4289868e-01
  -4.1214326e-01
   2.0941867e+00
  -7.0346487e-01
  -3.2747837e-01
   9.2005620e-01
  -2.1655534e+00
  -1.0413066e+00
   1.7220030e-01
   4.2298050e-01
  -9.6676503e-01
   2.1682119e-01
   1.4303194e-01
   3.9070463e-02
   9.0140195e-01
  -3.4210767e-01
   3.6576888e-01
  -5.5547627e-01
  -1.0917041e+00
   3.9691556e-01
  -3.9156895e+00
  -4.6844171e-01
  -6.0270661e-01
   4.1189865e-01
   3.2532103e-01
   1.0885392e+00
  -5.3749342e-01
   7.0678375e-02
  -4.0028202e-01
   1.7385048e+00
  -1.3141000e-01
  -9.0425819e-01
   1.6323231e+00
  -1.7909114e+00
  -6.4694308e-01
  -9.4155956e-01
  -6.5255798e-01
  -5.9884751e-01
   1.4257228e+00
   2.8285693e-01
   2.5973907e+00
  -5.1640515e-01
  -7.7317378e-02
  -4.2618762e-02
   1.2197573e+00
   2.2539762e-01
  -5.6391352e-02
  -1.5854877e-01
   1.3368332e+00
   4.4065546e-01
  -2.7644594e-01
   1.1464448e-01
   2.2233584e+00
   1.5205114e+00
  -3.8182842e-01
  -2.8230943e-01
   5.1400050e-01
  -9.0271744e-01
  -2.4813874e-01
  -1.1031824e+00
  -1.8738725e+00
  -4.2418069e-01
  -1.1914464e-01
   5.2653641e-01
  -9.6761624e-02
  -1.7480964e+00
   6.1422725e-01
  -7.4851137e-01
  -1.2458582e+00
   1.3239578e+00
   4.6966606e-01
   5.1862622e-02
   1.6617721e-01
   1.6954720e+00
  -5.1870938e-01
  -5.8338782e-01
  -1.6361459e+00
   1.0926194e+00
   5.3513013e-01
   4.6187501e-01
  -1.0143138e+00
  -3.7600364e-01
   2.0958497e-01
   5.4503166e-01
  -3.7822465e-01
  -1.9103510e+00
  -9.5671856e-01
   2.3047966e-01
  -1.8923250e-01
   1.5592472e+00
  -1.8005929e+00
  -1.4522269e+00
   2.8713457e-01
  -1.3165212e+00
   1.1048030e+00
   6.3968060e-01
  -2.0490722e-01
  -1.3106513e+00
   1.2331270e-01
   7.0413119e-01
   3.5121051e-01
  -3.7300736e-01
  -1.8361348e-01
   1.2657348e+00
   1.0142512e+00
   5.5714350e-01
  -1.3382082e+00
  -2.6091706e+00
  -8.9574857e-01
  -9.3663651e-01
  -4.6064930e-01
  -6.2082749e-01
   6.1913059e-01
  -6.7971506e-01
   1.6689399e+00
  -1.1991378e-01
   5.7514613e-02
  -1.9945664e+00
  -8.6541614e-01
  -2.4858387e+00
  -4.1640812e-01
   6.9186909e-01
   1.3830879e+00
  -1.6295849e+00
  -2.0876769e+00
   3.8389664e-01
   1.3951684e-01
  -9.8122763e-01
   6.1462836e-01
  -1.2743923e-01
   4.0029415e-01
  -4.1760218e-01
  -8.5877404e-01
   9.6380730e-01
   1.1028027e+00
   1.4364799e+00
  -4.5165721e-01
  -4.9814380e-01
   3.4274444e-01
  -5.9507574e-01
   3.9979229e-01
  -7.3461454e-01
  -2.0395921e-01
  -1.4142667e+00
  -1.9259466e+00
   1.7288580e-01
  -3.0649289e-01
  -7.9602877e-01
  -1.0268056e-01
  -3.6259432e-01
   1.2966344e+00
  -4.1466302e-01
   1.2379493e+00
  -7.5879887e-01
  -8.7461734e-01
  -1.8679060e+00
   4.0430375e-01
   3.6751062e-01
   1.5989495e+00
   2.3186714e+00
   1.3492721e+00
   3.3528614e-01
   1.0258778e+00
   1.0425479e-01
  -1.3308702e-01
  -5.8240942e-01
   7.2291723e-01
   3.2166624e-01
  -1.0927871e+00
   5.6079344e-01
   9.7071932e-01
  -2.3650334e-03
   1.2575240e-01
   4.3182870e-01
  -7.6327948e-01
  -7.4689349e-01
   1.4449091e+00
   1.0105523e+00
   1.2117351e+00
  -6.5195196e-01
   1.0535331e+00
   9.4989545e-01
   8.7715538e-01
  -2.4038438e-01
   1.1643798e-01
   2.1087014e+00
   4.9449200e-01
  -1.5276395e+00
  -1.7080136e-01
  -1.9619817e+00
   7.3210761e-01
  -8.2618160e-01
  -1.0037043e-01
   4.3435938e-01
   3.0365658e-01
  -1.4321634e+00
  -6.8344587e-01
  -1.0133909e+00
  -5.2208310e-01
   1.9589656e+00
   2.8048994e-01
  -1.4759370e+00
   7.0016098e-01
  -3.5165451e-01
   8.9056529e-01
  -3.7544040e-01
   6.1382809e-02
   1.2506201e+00
   3.2726071e-01
   1.3586409e+00
  -1.9497137e-01
  -1.3864702e-01
   4.2414397e-01
  -4.0801718e-01
   3.6025494e-01
   5.6972209e-01
  -3.7636521e-01
  -9.9143209e-01
  -4.3698767e-01
  -2.9207042e-01
   6.4884862e-01
   2.6106836e-02
   9.5454171e-01
  -7.5321341e-01
   4.5161449e-01
   8.2639231e-01
   5.6567453e-01
  -7.5946412e-01
   5.3533551e-01
  -5.8533434e-01
   6.6137969e-03
  -5.0013927e-01
   9.5313801e-01
  -1.7865857e+00
   1.9131658e-01
  -1.4811609e-01
  -1.0565623e+00
   1.2478684e-01
  -3.8703806e-01
   1.0522616e+00
  -1.9435834e+00
   2.6453439e-01
   5.3793423e-01
  -2.1196706e+00
   8.2918593e-01
   1.2804806e+00
   7.5960183e-01
   1.6819591e+00
   6.3978795e-01
  -1.9998735e+00
  -1.0609078e+00
   1.3594626e+00
  -2.7207587e-01
  -1.0933359e+00
  -2.1198246e+00
  -1.2062135e+00
  -7.0364200e-01
   5.8237736e-01
   6.1922289e-01
   1.6592123e+00
   1.0110060e+00
  -7.6312923e-01
   9.6235257e-02
   3.8220187e-01
   5.4281445e-01
  -1.2178122e+00
  -7.4446139e-01
  -3.6137984e-01
  -1.0868825e-01
   1.7711581e+00
   3.9042155e-01
  -9.9988329e-01
   1.0979366e-01
   2.2813388e-02
  -1.4300195e-01
   1.4265692e+00
   1.9741487e+00
   1.4002161e-01
   2.8817355e-01
  -1.2172598e+00
   1.0284937e+00
  -8.4816546e-01
   2.5070652e-01
   2.7749846e-01
  -1.5229258e-01
   4.8521727e-01
   6.9810362e-02
   2.1733272e+00
   1.5103467e+00
   2.1762400e+00
   9.8366029e-01
   1.1291969e-01
   1.9679603e-01
   2.0281079e-01
   9.1882478e-01
  -3.1016354e-01
   3.2127129e-01
  -8.0037743e-01
   1.0209373e+00
  -4.9330227e-01
  -1.3282812e+00
  -2.7924029e-01
  -5.2781425e-01
  -8.6209401e-01
  -5.8284492e-01
   6.3614008e-01
  -7.2199708e-02
  -1.5771275e+00
   1.4488113e+00
   2.1947565e-01
   7.6499754e-01
  -1.1358179e+00
  -1.5731366e-01
   1.1510063e+00
  -1.1249739e+00
   4.2802982e-01
   1.6279764e+00
  -7.1077751e-01
  -2.0672932e+00
  -2.0206975e+00
  -8.7281381e-02
   1.4008686e+00
  -3.3353975e-01
  -2.1651874e-01
  -1.7045132e+00
   3.3168354e-01
   1.4144119e-01
   6.8189095e-01
  -7.0783535e-01
   1.4743655e+00
  -1.5197750e-01
  -1.6801407e+00
  -2.0793907e-01
   1.3954436e+00
   4.8481097e-01
  -1.8214096e+00
   1.7781747e+00
   5.6915545e-01
   8.3248117e-02
  -2.6362752e-02
  -2.0138053e-01
  -2.4559744e-01
  -1.0126464e+00
   1.1618800e+00
  -9.5130395e-02
   1.0036890e+00
   6.2423482e-01
   1.1757505e-01
   4.3962824e-01
  -8.9834697e-01
   5.2463925e-01
   1.6645702e+00
   1.2322841e+00
   3.3844915e-01
   4.8999486e-01
  -1.7885788e-02
  -9.8503997e-01
  -7.0606295e-01
  -8.8369481e-01
  -4.6418995e-01
   1.0090242e+00
