  -4.9132811e-01
   6.5774531e-01
   1.4360830e+00
  -1.5350330e+00
   1.7528445e+00
   1.2830509e+00
   9.3642419e-02
   1.5800988e+00
   2.4478368e-01
  -1.0202544e+00
   1.1278407e+00
   2.2324687e+00
  -7.7424709e-01
  -1.0014573e+00
   1.1383263e+00
  -2.3951589e-02
  -1.3638323e+00
   1.2363162e+00
  -1.5407534e-01
  -7.9520659e-01
  -5.8157258e-01
  -4.9766400e-01
   9.3742801e-01
  -1.1557274e+00
   4.6922386e-01
   1.0044114e+00
  -8.5984262e-01
   3.3438652e-01
  -1.6534692e+00
   6.9687862e-01
  -1.1222094e+00
   8.0636330e-01
   4.3356507e-01
  -4.1139997e-01
  -1.4798682e+00
   1.3315868e+00
   1.5270285e-01
   1.6772992e+00
   8.5650929e-03
  -1.7783852e+00
   1.6900666e+00
  -2.9138873e-01
   9.2440021e-01
  -7.2224028e-01
   6.1183458e-01
   8.3498846e-01
   1.0130861e+00
   4.9904892e-01
  -4.0810929e-02
   1.4447774e-01
   3.0234499e-01
  -7.3846174e-01
   5.5042323e-01
  -1.0644744e+00
  -1.9053778e+00
   1.6656573e-01
   1.9773184e-01
   2.2073630e-01
   1.7728439e+00
   1.2328825e+00
   1.8637930e+00
   2.2035064e-01
   9.0863545e-01
  -5.9117022e-01
  -2.3097985e-01
  -1.7477695e+00
   6.9832209e-02
   9.2698090e-01
  -1.0581760e+00
  -2.2248455e-01
  -7.2408143e-01
  -8.0840829e-01
   9.0239348e-01
   6.7267077e-02
   7.3959324e-01
   3.9677531e-01
   9.3579152e-01
  -2.2572040e+00
  -1.0221229e+00
  -1.7188481e-01
   3.4791213e-01
   1.1484325e+00
  -6.3962372e-01
  -6.0494743e-01
  -2.8515502e-01
   6.9522048e-01
   1.0643478e-01
   1.1257017e+00
  -7.7193190e-01
   4.1113364e-01
   3.8718844e-01
  -1.6440078e+00
   2.9638881e-01
   1.7396937e+00
  -1.1977852e+00
  -6.3708126e-01
  -1.0167579e+00
   1.1290680e+00
  -5.5651408e-01
   7.5135799e-01
  -1.6447598e+00
  -1.8225522e+00
   9.9735579e-01
   5.9330627e-01
   2.8007423e-01
   9.6706759e-01
   6.7591032e-02
   1.3990517e-01
  -8.7489232e-01
   9.5055752e-03
  -1.1003173e+00
  -8.9069981e-01
  -4.7723195e-01
   1.3873541e-01
   1.6028349e+00
   3.7753003e-01
   4.0614487e-01
   5.4327943e-01
   1.2036678e+00
   5.8041891e-01
   6.3672442e-02
  -4.3304271e-01
   5.9722011e-01
  -1.6835172e+00
   4.1732906e-02
   9.4324435e-01
  -2.2795182e-01
   5.7681923e-01
   1.7243028e-01
   5.8502827e-01
  -4.9346731e-01
   1.6712621e+00
   3.9661086e-01
   1.4100975e-01
  -1.1905986e+00
  -1.9314867e-01
  -1.4456058e+00
  -2.8858749e-01
  -1.2291404e+00
  -6.3965837e-02
   1.5220691e-01
  -4.8454610e-01
   1.6328978e+00
   1.3688955e+00
   1.4139008e+00
   5.9072857e-01
   7.8000213e-01
  -6.5724422e-01
   1.3181426e-01
  -1.1224172e+00
   2.3984643e-01
   1.1421561e+00
  -1.1008666e+00
  -2.0888246e-01
  -1.4660814e+00
   6.0628100e-01
   1.2308294e+00
   1.1434517e+00
  -1.0256657e+00
  -7.0903482e-01
  -1.0215852e-01
  -3.9512339e-01
  -5.2755429e-01
  -2.5245349e+00
   6.3667673e-01
  -2.3442218e-01
   6.9336143e-01
   2.6452859e-01
  -2.9785440e+00
  -3.0131313e-01
   7.8608498e-01
   1.0451655e+00
  -3.1721912e-01
   5.2051564e-01
   2.3798108e-01
   9.2187443e-01
   1.9636041e+00
  -9.1143526e-01
   2.0999365e+00
   2.1446410e-01
  -7.9903455e-01
  -8.1033957e-01
   1.1776831e-01
   1.3802289e-01
   4.1091129e-01
   8.2700670e-01
   3.6159311e-01
  -1.0245100e+00
  -6.9015911e-01
  -7.5888863e-01
  -5.9045274e-01
   3.5515294e-01
   3.4071575e-01
  -2.2753817e-01
  -9.9883596e-01
  -3.2584959e-01
   5.9704756e-01
  -1.2960597e-01
   1.4403398e+00
  -8.1839347e-01
   2.9417921e-01
   1.1513721e+00
  -8.6026531e-01
  -5.6095120e-02
  -1.2147470e+00
  -9.3110351e-01
  -1.4472865e+00
  -9.3474905e-01
   3.6763123e-01
  -2.4015111e-01
   5.8303962e-01
   1.0277400e+00
   3.6255690e-01
   7.7548101e-01
   7.5498174e-01
   2.3573185e+00
   7.5720441e-01
  -1.4919988e+00
   2.9576856e-01
   6.6741012e-01
   9.4265602e-01
   8.1713857e-01
  -4.9190613e-01
   2.7691451e-02
   3.4519548e-01
   2.1573698e-01
   2.0289954e+00
  -1.6045173e+00
   8.5567886e-01
   1.1864236e+00
  -5.9059907e-01
   4.9565592e-01
  -8.9001675e-02
  -1.0334273e+00
   1.0067230e-01
   1.6681333e+00
  -3.9914711e-01
   6.2751982e-01
  -1.1213395e+00
  -9.2165911e-01
  -1.2390455e+00
  -1.4346843e+00
  -9.4252457e-01
  -8.9964303e-01
  -4.4206354e-01
  -1.6435382e+00
  -5.0685330e-01
  -7.7491869e-01
  -7.9373202e-01
  -3.1683621e-01
   1.1717675e+00
  -4.7978760e-03
   4.2102777e-01
   1.5854972e+00
   6.8460238e-01
   1.2938685e-01
   1.0860172e+00
   2.2298726e+00
  -5.1696471e-01
   8.4837286e-01
  -8.1399406e-01
  -1.2484652e+00
  -6.7740899e-01
  -7.3731963e-02
  -1.9617312e+00
  -1.5985947e+00
  -5.7066145e-02
   6.0056361e-01
   7.8545272e-01
   4.3734030e-01
  -1.7980469e-01
   5.3001584e-01
   2.4928502e+00
   1.9768147e+00
  -5.9381352e-02
   1.4144322e+00
  -6.2058383e-01
   3.5080163e-01
   1.4442274e-01
   7.6329718e-01
  -1.2149385e+00
   6.2425704e-01
   1.6862624e-01
   3.2875859e-01
  -1.0286115e+00
  -3.9357633e-01
  -1.5441404e+00
  -7.3386258e-01
  -9.6989994e-01
  -3.4962690e-01
   1.6924131e-01
   8.4795868e-01
  -1.0690628e+00
   2.9362218e-01
   1.0864856e+00
   9.6131523e-01
  -1.5944464e+00
   7.3201798e-01
  -1.6876703e-01
   1.3814077e+00
   9.2930207e-01
  -3.4884575e-01
   2.6942254e-01
   5.1085150e-01
  -2.4611785e+00
  -6.1398822e-01
  -3.9544689e-01
  -1.1447537e+00
  -2.2323683e+00
   8.4003751e-01
  -6.1378597e-01
   1.1721593e+00
  -9.5824041e-01
   9.5312579e-01
   7.0344663e-01
   5.5989505e-01
  -1.0379979e+00
  -1.7831564e-01
  -4.6993855e-01
  -9.5988674e-01
  -4.4502530e-01
  -1.6211737e+00
  -1.5739438e-01
  -1.9745825e-01
  -8.3136745e-01
   6.3733394e-01
  -1.0485987e+00
  -2.4818318e-01
   5.2491316e-01
   2.1322391e-01
  -2.3973770e+00
  -7.7241884e-01
  -4.0610331e-01
  -5.5331972e-01
  -1.3529660e+00
  -4.3116229e-02
  -1.6763079e-01
   1.2795931e+00
   1.1221911e-01
   7.0548139e-01
  -1.3039696e-01
  -1.8254644e+00
  -1.4732794e+00
  -7.5140392e-01
  -4.3372992e-01
   5.7635104e-01
  -8.3445615e-01
  -6.2879536e-01
   2.5585179e-01
  -5.6204958e-01
  -1.2284199e+00
  -5.5404094e-01
  -6.8027559e-01
   6.9116460e-01
   2.2193805e-01
   5.4593114e-01
  -4.5974700e-01
   2.1167127e+00
   1.0910149e-01
  -9.1982605e-01
  -1.3236060e+00
   9.8650184e-02
  -4.0664003e-01
  -1.3518918e+00
  -4.6981521e-01
  -1.6280108e+00
   6.8241715e-01
   1.9437084e+00
   7.4023795e-01
  -3.2317718e-01
   1.3596459e+00
   2.9103026e-01
  -2.2189947e+00
  -1.4462725e-01
   7.8700061e-02
   5.6221806e-01
  -1.6427581e-01
   1.1737032e+00
  -1.3283951e+00
   2.4592135e+00
   1.3522048e+00
  -2.4677329e-01
   2.8801667e-01
  -8.7267410e-01
  -9.3075571e-01
   7.6155378e-02
   9.8566447e-01
   9.2584156e-01
   2.1314997e+00
  -3.2583293e-01
  -2.2301346e-01
  -2.7343013e+00
  -3.0854831e-01
   1.4610834e-01
   3.7732668e-02
  -6.4764662e-01
  -1.2874070e+00
  -4.1101560e-01
   2.2005453e+00
  -9.2904709e-01
   2.6644040e-03
  -1.1576218e+00
   1.1645313e+00
   7.8643602e-01
   1.6034167e-01
  -4.7538593e-02
   1.4788748e+00
   5.7777082e-01
  -3.5317523e-03
   1.3666497e-01
   1.5389838e+00
   4.9483838e-01
   2.6885957e-01
   5.6857274e-01
  -9.8590958e-02
  -9.8722302e-01
   3.6760795e-01
  -1.6222997e+00
  -6.9414774e-01
   1.0579424e+00
  -6.9457826e-01
   2.7011268e-01
  -2.1526944e-01
   2.7745676e-01
   4.2359979e-01
  -5.0092340e-01
  -2.1245676e+00
   1.0211527e+00
  -5.5792005e-01
   2.8480333e-01
   9.6956500e-01
  -1.0824012e+00
   1.2561678e+00
   7.4116558e-01
   1.2238009e-01
  -3.5878997e-01
   1.2051950e+00
   4.4578344e-01
   5.3233516e-01
   2.6928842e+00
   5.5463730e-01
   1.1765185e+00
  -5.0684187e-02
   1.8022655e+00
  -9.5097483e-02
  -9.9499390e-01
  -1.6643083e-02
  -1.7160470e+00
   1.2575957e+00
  -1.1841558e+00
   2.8164496e-01
   9.1434946e-01
   4.8274766e-01
   3.7355061e-01
  -8.6447642e-01
  -5.5050523e-02
   9.3040108e-01
  -7.6358079e-01
  -1.2356978e+00
  -6.9866676e-01
   8.5444103e-01
  -2.7456561e-01
   2.2287109e-01
  -1.7448345e+00
  -7.7263126e-01
  -6.9948051e-01
  -1.2659304e+00
   1.1739685e+00
   1.0398944e+00
  -1.5672166e+00
   2.4986870e-01
  -9.6555263e-01
  -1.6574568e-01
   4.5678780e-02
   1.7095552e+00
   3.7043645e-01
  -6.5645310e-01
   8.3138308e-01
   8.7600085e-01
   1.3830798e-01
   2.2422314e+00
  -1.6676668e-01
  -4.5904641e-01
   5.4619346e-01
  -1.3023028e+00
  -4.1152402e-01
  -5.4007768e-01
   1.3664699e+00
   7.0684920e-01
   6.0757022e-01
   9.1981541e-01
   8.9939328e-01
   3.2717379e-02
  -1.4158570e+00
  -1.6808602e+00
   3.7781186e-02
   1.6634625e+00
   8.3099969e-01
   1.0476546e+00
   1.7938176e+00
  -4.8512179e-01
  -6.3362915e-01
   1.1019004e+00
  -7.1702117e-01
   2.2000215e+00
   8.9061684e-01
  -6.3543175e-01
  -3.7350271e-01
   5.2187638e-01
   7.1289943e-01
   1.1684062e+00
   3.3996823e-01
  -1.0147298e+00
   9.3145540e-02
  -1.5362053e+00
   5.7621766e-01
   5.7206212e-01
   1.4668007e-01
  -9.2572349e-01
   1.2731406e+00
   9.8792087e-01
  -7.1186184e-01
  -1.3343031e+00
   1.0042367e+00
   6.0851068e-01
   3.5924424e-02
   2.5535005e-01
   6.9716220e-01
  -4.3117939e-01
   1.5539132e+00
   3.4665076e-01
  -7.6648510e-01
  -4.9345220e-01
   1.5045367e+00
  -6.4985672e-01
  -1.0604869e+00
   1.1547268e+00
   3.1925697e-01
   2.2035285e+00
  -2.6790679e-01
   6.3805474e-01
  -1.9369154e-02
   4.3225519e-01
  -1.5897412e+00
   2.4965047e-01
   7.6310920e-01
  -5.7322623e-03
  -3.5968985e-01
   2.5904465e-02
  -2.0892570e+00
   1.2418683e+00
   3.4214261e-01
   5.5059277e-01
   6.5470075e-01
   2.8681120e-01
   1.4183576e+00
  -1.1189318e+00
  -7.4687678e-02
   1.0841195e+00
  -1.4549562e-02
   6.4292554e-01
  -1.6198692e+00
   3.4874753e-01
   1.0834135e+00
  -2.2401199e+00
  -2.3564428e-01
  -1.2531713e+00
  -1.0301961e+00
   5.9283569e-01
   1.0902526e+00
  -2.0946140e-01
  -5.1922121e-01
   1.8022461e+00
  -8.6125157e-02
   3.8061043e-01
  -3.4792550e-01
   5.0732969e-01
  -1.2221675e+00
   2.1564301e-02
  -8.8570833e-01
  -1.9162282e-01
   6.8951455e-01
   1.9593320e+00
  -4.5204142e-01
   5.3325463e-01
  -4.5705544e-01
   8.9446132e-02
   2.7825861e+00
   1.8132913e-01
  -5.9694515e-01
   1.0022244e+00
   9.2481210e-01
  -1.5216795e+00
  -6.4008534e-01
  -4.4801521e-01
  -2.5366668e-01
   1.0490932e-01
  -5.6036175e-01
   4.3344157e-01
   4.7075635e-01
  -8.4257045e-01
   3.7591901e-01
  -1.1218565e+00
   8.2488959e-01
  -2.1384676e-01
   7.2002522e-01
  -9.9346825e-01
   7.8186482e-01
  -2.7626719e-01
  -7.2641290e-02
  -2.7172375e-01
   6.7124097e-01
   1.8027197e+00
   8.9609852e-01
   2.9449916e-02
  -7.4757622e-01
   8.4047227e-02
  -9.9761959e-01
  -8.7357191e-02
   9.4207292e-01
  -8.7498460e-02
   1.1927760e+00
  -4.9816822e-01
   4.3754627e-01
   3.3004419e-01
  -1.4001419e+00
  -5.2188108e-01
   1.0049184e+00
  -1.1377894e+00
  -1.5324800e-01
  -9.7424935e-01
  -9.7950119e-01
  -9.2145208e-01
   8.2313839e-01
   6.5650765e-03
   3.7413278e-01
  -5.5519522e-01
  -1.2463847e-01
   8.3697425e-01
  -1.2874762e+00
  -7.5851275e-01
   1.0205771e+00
   1.6944274e+00
  -8.6318828e-01
   4.3928058e-01
  -1.2468780e+00
   6.5770177e-01
   1.3312776e-01
  -1.0137901e+00
   5.0896662e-01
   1.2645010e+00
  -1.5760503e-01
  -8.9863125e-01
  -1.1179663e+00
  -1.2418834e+00
   3.9845530e-01
   3.3939313e-01
  -7.8357708e-01
   7.5402853e-01
  -1.0655837e+00
   1.4873628e+00
  -2.1277324e+00
  -2.7377444e-01
   7.5330964e-01
   1.2275060e-02
   4.9070104e-02
  -5.0852022e-01
   1.9652575e+00
  -4.6033512e-01
   6.9799818e-01
   1.2112566e+00
  -3.3975912e-01
   1.4486456e+00
   4.4391056e-01
  -1.4878024e+00
  -4.7127569e-01
  -1.4521511e-01
   6.3792319e-01
   7.1270719e-01
   6.9706416e-01
  -1.4469988e+00
  -1.5257521e+00
   1.3455117e+00
   8.2344660e-01
   4.1218455e-01
   1.5461898e+00
   1.8469487e+00
  -7.7229603e-01
   4.1902847e-02
   4.3106742e-01
   1.2036537e-01
   2.0280528e-01
   1.9415473e-01
   1.0865713e+00
  -2.7487236e+00
  -5.8918025e-03
  -2.5043297e-01
  -4.6870402e-01
   1.4400941e-01
   5.3421096e-01
  -2.8494042e-01
   1.8133549e-02
  -1.6499178e+00
  -1.1142909e+00
  -3.7331071e-01
  -1.7038105e-01
  -1.0669771e+00
  -1.1806443e+00
   6.1291681e-01
   1.3482865e-01
   1.3769033e+00
   5.4573879e-01
  -1.1656359e+00
  -2.2185733e+00
   1.3923670e-01
  -2.2714161e-01
   5.5455950e-01
   9.1397218e-01
  -2.0018341e-01
   1.4878699e-01
  -7.2135748e-01
   1.2012931e+00
   5.1885204e-02
  -5.3258925e-01
  -4.5745348e-01
   1.8182728e+00
   5.0795861e-01
   4.2044028e-01
   3.3692831e-01
   4.5433011e-01
   4.7225436e-01
   6.3762352e-03
   1.7115906e+00
  -2.3942905e-01
  -8.4343810e-01
  -4.1275129e-01
   1.1829661e+00
   7.8152064e-01
   1.1719620e+00
  -2.1415293e-01
   1.5093652e-01
  -1.8143098e+00
   9.4559670e-01
  -1.0748718e-01
   5.6038544e-02
   1.0134945e+00
  -2.7337263e-01
   4.3084131e-01
  -7.1784786e-01
  -5.3183935e-01
   5.4166251e-01
  -2.1177219e-01
  -1.5656505e+00
  -5.3786507e-01
   2.9095092e+00
   4.9282719e-01
   2.1509834e-01
  -4.0901474e-01
  -1.8194510e+00
   1.3559831e-01
  -3.0789632e+00
  -9.2338146e-01
  -1.4551225e+00
  -2.1329385e-01
   1.0736173e+00
   5.1594971e-01
  -4.4366595e-01
  -1.6265380e+00
  -5.3316811e-01
  -1.1855783e+00
   4.2948184e-01
  -5.8562061e-01
   1.4167441e+00
  -1.1737696e-01
  -1.5188602e+00
   7.9236130e-02
   7.1736767e-01
  -4.9593882e-01
   6.1773837e-01
   3.3930406e-01
   3.8444739e-01
  -3.2654940e-01
  -1.2764453e-01
  -1.3426739e-01
  -1.2847878e-01
  -1.4557339e+00
  -1.8265990e-02
  -1.1904368e+00
   1.2794658e-01
  -1.1664453e+00
   1.3627652e+00
   8.2097516e-01
  -5.3919312e-01
   2.0646126e+00
   1.1393571e+00
   8.5339716e-01
  -2.0727507e+00
  -1.2657540e+00
  -7.0228084e-01
  -3.2769369e-01
  -1.3115514e+00
   6.5508062e-01
  -5.2271204e-01
  -1.6537180e-01
  -5.4854570e-01
  -8.8259383e-02
   1.3721799e+00
  -1.8304714e+00
  -9.6146446e-01
  -4.7091461e-01
   5.5473993e-01
  -1.0230851e+00
  -5.2478079e-01
   7.0348376e-01
  -1.2279347e+00
   1.0476090e+00
   3.4217867e-01
   5.6991241e-01
  -1.4888969e-02
  -9.9745196e-01
  -1.5995276e+00
   1.5338070e-01
   7.1555735e-01
   7.2420271e-01
  -8.6045748e-02
   1.6481364e+00
   1.8502782e-01
  -4.0298541e-01
   1.0522279e-01
  -6.1597015e-01
   6.8753055e-01
   1.5567528e+00
   1.0400862e+00
   2.4826161e-01
  -1.3608036e+00
  -6.3667163e-01
   4.0304433e-01
  -7.6599974e-02
   1.3824358e+00
   6.6085608e-01
  -1.4336936e+00
   6.3297592e-01
   6.6860951e-01
   1.7507002e+00
   8.5325717e-02
   2.6301530e-01
  -1.5754091e+00
  -4.6033910e-01
  -1.4935492e+00
  -1.4796502e-01
  -7.7947552e-01
  -1.2880772e+00
  -4.4851915e-03
  -8.4069996e-01
   1.2677812e+00
   2.2273835e+00
   1.5266201e-01
   2.8226030e-01
  -1.9583449e+00
   1.4973941e+00
  -6.2382563e-01
   3.9089856e-01
  -2.0129804e-01
   3.4356198e-01
  -8.6392273e-02
   1.3069216e-01
  -1.0640567e+00
   1.3269481e-01
  -1.4883700e+00
  -1.0856655e-01
   1.8258962e-01
  -2.7844561e-01
   3.2571953e-01
   8.8499534e-01
  -1.5939985e+00
  -1.4553607e+00
  -6.1977569e-01
   4.2820774e-01
   3.4570316e-01
  -3.5534076e-01
   5.8010478e-01
   2.0787723e+00
  -1.0790494e+00
  -8.4608493e-01
  -1.8299961e+00
   1.3361074e-01
   7.9479354e-01
  -3.7150083e-01
   1.0900491e+00
  -2.3156075e-01
   2.4370435e-01
   1.0138834e+00
   5.8791305e-01
   3.1568511e-01
   1.4264767e+00
  -9.1405851e-01
  -4.6474780e-01
   2.9620082e-01
  -3.5704253e-01
  -5.6385667e-01
   7.2038199e-01
  -5.0763506e-01
   3.9506152e-01
  -1.8337127e-01
  -4.3580244e-01
   4.5725417e-01
   2.9109834e-01
  -1.9737071e+00
  -3.3905655e-01
  -1.0786131e+00
   1.1189566e-01
  -7.1746547e-01
  -1.4159070e-02
   1.2535780e+00
   1.7017528e+00
   7.9854586e-01
  -1.5981197e+00
   1.4671987e+00
   1.0750716e+00
   2.5343809e-01
   2.4304722e+00
  -4.6095206e-01
   1.7936832e+00
  -1.1064993e+00
  -3.9723199e-01
  -1.1725545e+00
   5.6261426e-01
   3.6394258e-01
  -6.5121786e-01
  -1.4069713e+00
  -2.6976136e+00
  -9.5362130e-01
  -1.4345293e+00
   6.6108345e-01
   1.0774277e+00
  -2.0021627e+00
  -1.7473877e+00
  -4.7894817e-01
   9.4733733e-01
   1.2531982e+00
   1.4704731e+00
  -3.9639049e-01
  -6.5761370e-01
  -1.0337562e+00
   5.5093000e-01
   7.6479892e-01
  -1.5301454e+00
  -1.3982678e-01
  -5.3130774e-01
   6.0215853e-01
   1.1438892e+00
   1.1995123e+00
   4.8749068e-01
  -4.1871777e-01
  -4.7765569e-01
  -1.1743353e+00
   1.1643478e+00
  -8.9835791e-01
  -1.9473413e+00
  -8.2701207e-01
   1.4510556e+00
   2.5283152e-01
  -3.6675850e-01
   2.0429792e-01
   3.8843925e-01
   4.3794687e-01
  -1.8028209e-01
   2.2844226e+00
   1.0582332e+00
  -2.4769466e+00
  -9.5141336e-01
  -3.2491425e-02
   4.9717807e-01
  -2.8475109e-01
  -4.5864606e-02
  -3.2491531e-01
  -1.3163658e+00
   2.1297614e+00
  -1.9612272e-01
   2.3246577e+00
  -8.9021901e-01
  -2.5718498e-01
  -1.3088413e+00
  -8.5560381e-01
   9.0203775e-01
   7.5576498e-01
  -8.7547225e-01
   1.5096037e-01
  -4.4039504e-01
   8.2764603e-01
  -7.6932469e-01
   1.5557760e+00
  -1.5503514e+00
   2.9074602e-01
  -1.5130247e+00
  -7.2565351e-01
  -1.0756087e+00
   1.5488176e+00
  -1.6252091e-01
   3.2582080e-01
  -1.4419081e+00
  -9.6007455e-01
   3.4757775e-01
  -1.0311813e-01
   6.6063139e-01
   1.1571101e+00
  -9.1938909e-01
  -9.7052436e-01
   4.5609778e-01
  -1.2081563e-01
   1.2898735e-02
  -8.8556410e-01
  -9.4858557e-01
   4.4679601e-01
   1.5601464e+00
  -3.4651577e-01
   1.1081699e+00
   1.3697118e+00
   1.0719982e+00
   1.5164162e+00
   3.5878063e-01
  -1.6142428e+00
  -8.2376879e-01
  -1.5455967e-01
  -1.4519492e+00
  -5.2420483e-01
   1.2746968e+00
  -7.8047296e-01
   2.0297984e-01
   2.8128342e-01
   1.8452468e+00
  -2.5182328e-01
   6.4536093e-01
  -1.2313483e+00
  -8.7714173e-01
   3.2654959e-01
   5.2435281e-01
  -4.7216765e-01
   2.7473410e-01
  -6.7273199e-01
   5.7424912e-01
  -7.0234758e-01
   2.5129916e-01
   3.5241289e-01
   1.4328810e+00
  -1.1094538e+00
   2.1375874e-01
  -1.7264070e+00
   1.2683314e-01
   7.8431114e-01
  -1.0671827e+00
  -2.0514445e-01
   1.2286174e+00
   1.6557894e+00
   2.0491506e-03
   1.4858261e+00
  -1.5855276e-01
  -8.7393521e-01
  -1.0384084e-01
  -1.7426007e+00
  -8.2625437e-01
  -6.2122361e-01
   1.3784282e+00
   2.2255491e-01
   2.0441420e+00
   4.4513385e-01
   3.5363671e-01
  -2.2373293e-01
  -8.9154076e-01
   1.6947130e-01
  -3.7613896e-01
  -1.5572534e+00
   5.1493693e-01
  -1.6499101e-01
   2.6199802e-01
  -5.2039587e-01
   6.8539623e-01
  -5.9853754e-01
   3.5578610e-01
   6.6819155e-01
  -1.2535072e-01
  -9.2036854e-01
   2.3864003e-01
   1.0771931e+00
  -2.1780379e+00
   1.1400490e-01
   1.4113743e-01
   3.4995341e-01
  -3.7867597e-01
   3.3818120e-01
  -5.5408843e-01
   2.5529723e-01
   1.1481387e+00
  -9.0769171e-02
  -1.0792217e+00
  -1.0337139e-01
   4.3409601e-01
  -2.7022434e-01
   1.6612803e+00
  -4.4116933e-01
  -4.2507750e-01
   1.6296658e+00
   2.9864051e-01
   5.3530937e-01
   1.3336351e+00
  -6.5518419e-01
  -1.8570062e-01
   8.6949134e-01
  -7.9665995e-01
   2.3886161e-01
  -1.1634133e+00
   5.0931699e-01
   2.2356590e+00
  -1.6253765e-01
  -4.0226676e-01
   1.6610854e+00
  -9.3800471e-01
  -3.7659200e-01
  -3.2790367e-02
   6.0699505e-01
  -1.0890428e+00
  -9.6777642e-01
   3.0444052e-01
  -1.8914136e-01
  -1.6760066e+00
  -1.7235992e+00
  -1.7321250e+00
   1.9809718e-02
   4.5313308e-01
   6.6706847e-01
  -1.0619877e+00
  -2.0108394e+00
   5.9223145e-01
  -8.4205269e-02
  -1.7746708e-02
  -4.0609507e-01
  -3.1156393e-01
   1.9017549e+00
  -1.5384970e-01
   5.1078843e-01
  -2.1712977e+00
  -1.4873415e+00
  -7.8170359e-01
   1.4679280e-01
   3.6165828e-01
   2.5097858e+00
  -1.7573335e+00
  -1.7281465e+00
  -2.8118103e-01
  -8.6942461e-01
  -1.0385851e+00
   9.5289390e-01
  -4.2667816e-01
   4.6852161e-01
   2.0344528e-01
  -1.6006548e+00
   7.6586126e-01
  -2.5630582e-01
  -6.6215505e-01
  -1.5318660e-01
   3.9334495e-01
   1.1049586e+00
   1.0208969e-01
  -1.7246791e+00
   8.3432670e-01
  -5.4647782e-01
   1.8452050e+00
   6.1003387e-01
   6.5414679e-01
  -3.4102671e-01
  -8.4325012e-01
  -7.2990009e-01
  -1.2966140e+00
  -8.2367743e-01
   1.1819272e+00
  -5.9825925e-01
  -5.9571676e-02
   1.5573854e+00
  -4.9871000e-01
  -2.0144726e-01
   6.9133734e-01
   1.9941064e-01
   4.6260176e-01
  -3.7835913e-01
  -1.7689381e-01
   1.6199007e+00
   2.0214914e+00
  -3.4359023e-02
  -7.7406300e-01
  -9.0827865e-02
  -5.7742417e-01
  -7.1855177e-01
  -1.9743795e+00
  -1.5500928e+00
  -2.9375389e-02
  -6.4709190e-01
   1.3222830e+00
  -1.8512059e+00
  -9.2869029e-01
   5.0275923e-01
   4.6900411e-01
  -4.4021191e-01
  -1.0034311e+00
  -2.3712460e+00
  -4.7582499e-01
   4.6954086e-01
  -1.2096675e-01
  -1.3691952e+00
   9.5575623e-01
   7.3696529e-01
  -1.9036572e-01
   8.2204235e-02
   7.3649885e-02
   1.7838094e-01
   7.7184238e-01
  -3.6032184e-01
   1.5889912e+00
  -1.1447417e+00
  -3.2195143e-01
  -8.0087439e-01
  -6.6574243e-01
  -1.6519358e+00
   1.1657370e+00
   7.6281741e-02
  -1.2691874e-01
   9.6215315e-02
  -7.1075555e-01
  -3.6995362e-01
   8.9737371e-01
  -6.6567636e-02
   5.1102210e-01
   6.5536543e-01
   1.0281602e+00
  -5.3497223e-01
  -7.4526008e-01
   3.7944632e-01
  -9.4283002e-01
   1.1755945e+00
  -1.0733380e+00
   1.0916150e+00
   1.6264491e+00
  -1.2884963e+00
   1.1821136e+00
   5.1898501e-01
   1.1565760e-01
  -2.3796502e-01
  -1.8570169e-01
   8.8291905e-01
  -6.4670136e-01
  -6.0979596e-01
   3.0903135e+00
   1.5914958e+00
   1.0872551e+00
   9.5800831e-01
  -2.5373708e-02
  -1.7395502e+00
  -1.9102810e-01
   7.6143825e-01
   6.7155665e-01
   1.6044346e+00
   1.2221633e+00
   4.5382708e-01
  -5.5172694e-01
  -2.8267132e-01
   5.1061766e-01
  -4.7100798e-01
  -4.4475687e-01
   1.4543721e+00
  -1.3378092e-01
  -1.5812381e+00
  -2.1927514e+00
   2.4519329e-01
  -4.7906019e-01
  -3.9742028e-01
  -1.3961966e-01
   3.7232591e-02
  -1.0191043e+00
  -2.5346865e-02
  -2.1956642e+00
  -9.3387407e-01
  -3.9416463e-01
   2.7738820e-01
   2.7781377e-01
   1.2667559e+00
   1.6823228e+00
   4.4496020e-01
  -8.2657475e-01
   5.3325955e-01
   1.2526915e+00
   1.1282510e+00
   1.0247871e-01
  -1.4556040e+00
  -1.2887147e+00
  -3.6610491e-01
   5.2062047e-01
  -5.8940741e-01
  -1.5688295e+00
   1.3209899e+00
  -4.5256148e-01
   1.0003735e+00
   4.3710429e-01
  -1.3052574e+00
   5.5143146e-02
   6.7386643e-01
  -6.8573154e-01
  -6.9431672e-01
   3.2032600e-01
  -1.0378472e+00
  -6.8169114e-01
   1.3258086e+00
  -3.4382928e-01
   4.5465779e-01
  -4.8881255e-01
  -1.5436623e+00
  -4.7844261e-01
  -5.6153474e-01
   2.0108059e-01
  -5.0304688e-01
   1.0103916e+00
  -2.0558071e+00
   3.8899005e-01
  -5.3222204e-01
   9.6459731e-01
   6.8244306e-02
   1.6318545e+00
  -4.0851588e-01
  -3.1751132e-01
   4.7525327e-01
   1.0534846e+00
  -1.2079348e+00
  -2.6500458e+00
  -1.9041374e-01
   2.4890951e-01
   1.5231867e+00
  -2.6069716e-01
   9.1814209e-02
   6.7047335e-01
  -6.1847612e-01
  -1.0139965e+00
  -2.2992081e-01
  -1.7766442e+00
   5.0554530e-01
  -1.0363531e+00
  -1.5556086e+00
   5.8540378e-02
   4.7839828e-01
  -2.3453147e-01
   5.3090195e-01
   7.5417919e-01
   6.8186687e-01
  -2.0792045e-01
   2.6534741e-01
  -5.5227023e-01
   1.5096936e+00
  -7.1997257e-01
  -1.1525594e+00
  -6.2617712e-01
  -6.9426176e-01
  -1.2785495e+00
  -1.2769446e+00
   1.7293374e+00
   6.7133162e-02
  -9.2376675e-01
   1.0671077e+00
  -9.5844624e-01
   1.5342375e+00
  -2.9162905e-01
  -7.6865376e-01
   1.3203005e+00
  -5.5770477e-01
   8.9443394e-03
   7.2716055e-01
   2.9038086e-01
  -6.3904950e-01
  -2.1062928e+00
  -7.8210473e-01
   6.8249730e-01
   1.0764166e+00
   2.4563367e-01
   9.2711336e-01
   3.2281425e-01
   1.4522529e+00
   1.4991321e+00
  -5.8331493e-01
   2.0161059e-02
   6.0127593e-01
   1.2833251e+00
   1.4765202e-01
  -5.1483253e-01
  -2.9904013e-02
  -1.3329755e+00
  -5.3220112e-01
  -8.5953371e-01
   1.8230545e-01
  -2.4413182e-01
   1.1456638e+00
   1.9643218e-01
  -1.1335346e+00
   4.3926071e-01
  -9.9521228e-01
   2.0731647e-01
   2.4452591e+00
  -4.3764233e-01
   2.0166565e-01
   1.1458124e+00
  -1.0150919e+00
   1.2543231e+00
  -4.0082770e-01
   8.3269510e-01
  -5.3379720e-01
   1.7307099e+00
   1.1931968e+00
  -6.8612670e-01
   1.8292098e+00
  -2.7943943e-01
   8.0660811e-01
   1.7787728e-01
  -4.8724897e-03
   2.0309949e+00
  -1.5386173e+00
  -1.5174459e+00
   8.1188082e-01
  -2.1635638e+00
   8.2165540e-01
   1.3070165e+00
  -1.4864023e+00
  -3.2526072e-02
  -5.9876291e-01
   9.3267929e-01
  -6.3326824e-01
   8.0378880e-01
  -7.6430464e-01
   1.0773985e+00
   3.7281360e-01
  -1.1858882e+00
  -1.1510962e+00
   5.6648752e-02
  -1.9780493e+00
   9.1574726e-01
   1.4764587e+00
   6.6134771e-01
  -1.1474744e+00
   2.4048554e-01
   2.2377065e+00
   1.2576805e+00
   5.4579775e-01
   8.7411385e-01
   1.3434145e+00
   1.9207545e-01
  -1.0651610e-01
  -2.6977652e-01
   1.6153174e-01
  -2.3227800e-01
  -7.6411581e-01
  -9.2965843e-01
   6.0786712e-01
  -5.6511093e-01
  -9.4117887e-01
  -1.3713369e+00
  -1.3735649e+00
   6.8660863e-01
  -3.6405458e-01
   6.1905105e-01
   1.2154049e+00
  -2.6682989e-01
   7.2545241e-01
   2.8959517e+00
  -3.3536729e-01
   4.4760964e-01
  -3.0547339e-01
   1.1169479e+00
  -4.0022329e-01
  -4.1715309e-01
   6.6297929e-01
  -2.1752773e-02
  -6.8463713e-01
  -2.1668171e+00
  -1.4078696e+00
  -5.4065733e-01
   7.8831344e-01
   6.9892657e-01
   5.4618708e-01
   1.0278239e+00
  -1.9937074e-01
   3.8157126e-01
  -6.1854253e-02
   4.4923073e-01
  -1.8549956e-01
   1.0327745e+00
  -1.5616870e+00
   2.3619244e+00
  -2.7025535e-01
  -1.2321054e+00
  -1.1450292e+00
  -4.1268503e-02
   1.3018001e+00
  -9.4330573e-01
   4.1902328e-01
  -8.2577241e-01
   9.5467222e-01
  -5.5167085e-01
  -7.9751499e-01
   2.1764067e+00
   2.7947628e-01
   1.3082065e+00
   9.5749079e-01
   2.1026890e-01
   1.3534010e+00
  -1.1408203e-01
   5.4605556e-01
  -1.5537768e+00
  -1.2219627e+00
   7.6522616e-01
  -3.5410165e-01
  -4.1017128e-01
   3.8424159e-01
  -2.6290511e+00
  -3.6030299e-01
  -1.0798723e+00
   4.7232927e-01
   3.0547891e-02
  -1.5320020e+00
  -9.9347737e-02
  -2.2578324e-01
   5.2433797e-01
  -6.2569991e-01
  -1.3494907e+00
  -7.5575854e-02
   5.0129717e-01
   3.6089602e-01
   6.6059547e-01
  -9.3674795e-01
  -8.5191959e-01
  -6.6913107e-01
   6.1725511e-01
   2.8364060e-01
   3.5097570e-01
   1.0175039e+00
   6.7765620e-01
  -1.7416203e-01
   1.6160545e-01
   2.2280815e+00
   1.4416765e+00
  -4.4853556e-01
  -1.8646275e+00
  -3.9242091e-01
   1.3423035e-01
  -1.9976349e+00
   1.3028813e+00
   1.4193293e+00
  -1.1651667e-02
  -3.9217173e-01
   7.5140557e-01
   7.3107675e-01
  -1.2808990e-01
  -5.5633207e-01
   2.5758586e-01
   1.8614907e+00
  -1.4550262e+00
   1.7180341e+00
  -1.8362303e+00
  -8.3693388e-01
   5.7447383e-01
   1.1095090e+00
  -8.6348655e-01
  -1.8380064e-01
  -8.1618154e-01
  -1.5412170e+00
   1.1409600e+00
  -4.8136526e-01
   3.0579427e-02
   2.1130242e+00
   3.4177319e-01
  -2.6203407e-02
   7.2027806e-01
   2.4031988e-01
  -1.2064101e+00
   7.3427607e-01
   8.4013860e-03
  -8.8993891e-02
   7.6191677e-01
   1.9551652e-01
  -5.4795713e-01
  -1.2074027e+00
   6.5118741e-01
   7.8744770e-01
   2.0323732e-01
   9.1734136e-02
  -8.9741959e-02
  -1.1830638e-01
  -2.1005117e-01
   1.4335917e+00
   1.1606105e+00
  -3.7285444e-01
   7.3972294e-01
  -5.7977941e-01
  -7.1681117e-01
  -1.2225996e-01
   2.0727383e-01
  -5.6546673e-01
  -1.4392194e+00
   8.0034459e-01
  -4.4612622e-01
   2.2957538e-02
   5.8472888e-01
   8.3384841e-02
   2.2658821e-02
   3.5749243e-01
   5.4871648e-01
  -5.7649176e-01
   3.5201149e-01
   6.0672888e-01
   3.5275061e-01
  -1.5226955e+00
   1.1474138e+00
  -1.0403034e+00
   1.9452569e+00
  -6.6141575e-01
  -2.1955877e-01
   1.0893390e+00
  -1.3581428e+00
   4.6377497e-01
   7.3567696e-01
   5.3794010e-01
  -7.2712067e-01
   4.5516014e-01
  -9.7954510e-01
   2.9880478e-01
  -5.5177787e-01
   1.8928630e-01
  -8.1577936e-01
   4.1312942e-01
  -4.9195433e-01
  -8.5187936e-01
  -2.2064748e+00
   4.7055150e-01
   1.7384653e+00
  -5.5536570e-01
   1.4388652e+00
  -1.8469541e-01
  -8.1223250e-01
   8.2637597e-02
  -4.0826514e-01
   6.9441122e-01
  -8.5927960e-01
   1.2940183e-01
   2.8777107e-01
   1.2724504e-01
   2.8653669e-01
  -4.2357876e-01
  -1.4789590e+00
   3.3807605e-01
  -9.4562675e-01
   1.1136245e+00
  -3.0800625e-01
   8.6273504e-01
   1.7242630e+00
  -3.3935411e-01
  -6.0178220e-01
   1.1117115e+00
   3.1689869e-01
   3.7282834e-02
   1.4222157e-01
  -7.3901578e-01
   1.0498451e+00
  -4.5989062e-01
   1.1101096e+00
  -4.8614994e-01
   1.4559230e+00
   2.9713008e-01
  -3.1027039e+00
  -1.8259411e-01
   1.2599672e+00
  -3.1886700e-01
  -6.5063946e-01
   4.4883675e-01
   1.4640001e+00
   7.4192689e-01
   1.1328444e-01
   5.1521659e-01
   5.1833082e-01
  -1.8014663e-01
   3.9760184e-01
  -1.2931279e-02
   7.0146965e-01
   6.2109344e-01
  -1.4275421e+00
  -5.4693063e-01
  -1.2305036e+00
   9.6067914e-02
  -2.2777239e+00
  -1.1804365e-01
   1.0581546e+00
   4.3629495e-01
   1.4115237e+00
  -1.4612171e-02
  -5.3779144e-01
  -1.8347610e+00
   2.6355334e+00
   2.9077388e-01
   1.0655986e+00
   5.3522728e-01
  -3.8734393e-01
  -3.1963920e-01
  -2.5245231e+00
  -1.0062838e+00
  -4.2415708e-01
  -6.6120711e-01
   7.2756733e-01
   4.5661418e-01
  -5.0617070e-01
  -1.1846456e+00
   7.8178748e-01
  -8.0382722e-02
   3.3416241e-01
   3.4603991e-01
  -1.1949183e-01
   7.1620481e-01
   2.2794403e-01
   4.6656440e-02
  -1.0647465e+00
   3.9859974e-02
   9.1686406e-01
  -4.0875791e-01
   4.0107660e-01
   6.3497740e-01
   3.3305850e+00
  -7.1845786e-01
  -2.0396671e-01
  -4.2991232e-01
  -1.5329696e+00
   1.8369786e-01
   3.2541784e-01
  -3.6245638e-01
  -4.4953046e-02
  -1.0238021e-01
  -3.0220748e-01
  -8.5359487e-01
  -7.1929594e-01
  -9.1703220e-01
   6.9891192e-01
  -2.5877561e-02
   3.2805034e-01
  -7.0105737e-01
  -2.1663385e+00
   4.9773258e-02
   6.2611618e-01
   1.1435752e+00
  -1.8216570e+00
   2.9688503e-01
   1.5851391e-01
   4.6149690e-02
  -1.1060564e-01
   1.9446536e+00
  -1.1579750e+00
   2.0139060e-01
   4.4178761e-01
  -1.9767187e+00
   4.3880657e-01
   1.4580276e+00
  -2.8683415e-01
  -2.9127204e-01
  -1.4562107e+00
   3.0305256e-01
   1.0365542e+00
  -1.2574177e+00
  -1.3514326e+00
  -6.0042000e-01
   9.6061130e-02
   1.1207422e+00
   5.6205673e-01
  -8.2256190e-02
  -8.4357803e-01
   6.0899107e-02
   5.3886687e-01
  -7.2178469e-01
   2.3000217e-01
   2.7012673e-01
   1.3266008e+00
   1.5561307e+00
  -1.8632331e+00
   1.0944574e+00
  -6.4948412e-01
  -1.3123942e+00
  -6.0638267e-01
  -4.7735347e-01
   3.1242031e-01
  -2.1575855e-01
  -1.3521170e+00
  -3.4826537e-01
  -1.9072942e+00
   1.5823160e+00
  -6.4368436e-01
   6.9539276e-01
   6.6728916e-01
  -6.5441320e-01
  -1.5272405e+00
  -1.5315679e+00
   8.0700971e-01
  -1.1967524e-01
   1.0628964e+00
  -4.6790873e-01
  -2.9272898e+00
  -1.0851310e+00
   7.9571518e-01
   2.0781778e-01
   1.8707024e+00
   3.4652481e-01
  -1.7931118e+00
   2.4826770e+00
   1.0729535e+00
  -1.4599476e+00
   2.2099924e-01
  -4.4516545e-02
  -7.5776390e-01
  -1.8136508e+00
  -9.4691788e-01
   2.7456158e-01
  -5.5590724e-01
  -8.5713755e-01
   4.9140475e-02
   2.6057653e+00
   2.4563509e-01
   7.6933339e-01
  -5.4138175e-01
  -1.5574114e+00
  -1.1270862e+00
   5.4228700e-01
   4.8173884e-02
  -4.7135156e-02
   8.6092491e-01
   2.0811434e+00
   9.6292964e-01
  -3.3479988e-01
   3.0113151e-01
   9.4112484e-01
   7.0397970e-02
   1.4734190e+00
   1.2360204e+00
   5.9916467e-01
  -1.5563869e+00
  -1.1960703e+00
  -1.0089402e+00
   1.0476219e+00
  -2.5925692e-02
   1.9011163e+00
  -1.2037848e-01
  -1.0539007e-02
  -2.2409154e-01
   1.2839206e+00
   1.0538209e+00
   1.8658677e-01
  -5.0026071e-01
  -3.7538531e-01
  -3.6302498e-01
   6.8122661e-01
   1.0138988e+00
   1.6450308e+00
   1.0382472e+00
  -1.0779429e+00
   1.0060395e+00
   1.2645147e-01
  -7.0917469e-01
  -2.0084825e-01
  -1.4433815e-01
   1.9629073e-03
   1.4172033e-01
  -1.3550368e-01
  -4.4464976e-01
   1.2325031e+00
   1.4470701e+00
   5.4510628e-01
   6.9840674e-02
   1.4221701e+00
  -3.6879722e-01
  -3.0136636e-01
   5.6775356e-02
   9.9610522e-01
  -1.0187321e-01
   5.4922615e-01
  -1.0012668e-01
   2.2300593e-01
  -1.9780376e+00
   1.3967109e+00
   1.0065561e+00
  -1.0602005e+00
  -2.4748538e+00
   1.6568350e+00
   5.9075275e-02
   9.3386871e-01
   5.9292387e-01
   4.1365009e-01
   1.1736366e+00
   4.7599736e-01
  -1.7049729e+00
   6.7967057e-01
  -3.4033986e-01
   1.9392627e-01
   2.1958820e-01
   3.4321715e-01
  -5.5770560e-01
  -5.7143907e-01
  -1.0741838e+00
   1.0970339e+00
   9.3930289e-02
   4.5321696e-01
   1.0348328e+00
  -1.1560330e+00
  -1.1347689e+00
  -1.7626956e-01
   6.9061747e-01
  -8.6892524e-01
  -7.5154127e-01
   5.3417785e-01
   3.1429430e-01
   5.5711672e-01
   6.9253282e-01
   1.0445253e+00
  -1.7367397e+00
   1.4467968e-01
   3.6828271e-01
  -1.7013958e+00
   9.3210165e-02
   1.0674413e+00
  -1.5208134e+00
   4.2261201e-02
  -5.7605684e-01
   7.0695477e-01
  -1.1223063e+00
  -1.1305368e+00
   1.2946993e+00
   4.8222766e-01
   1.3699926e+00
   8.6708303e-01
   6.1541212e-01
   1.2011438e-01
  -1.3217640e+00
  -6.8089022e-03
   2.0622137e-01
   5.0663785e-01
  -9.1239695e-01
   9.1319998e-02
   1.7181536e+00
  -5.5142381e-01
   1.0610577e-01
   1.7759850e-01
  -9.1752810e-01
   3.6212848e-01
   2.1158860e-01
  -2.3770872e+00
   2.2158032e+00
   1.3752683e+00
   1.2108631e+00
   8.5755534e-01
  -3.4227311e-01
  -1.1991492e+00
  -4.6980629e-01
   5.0255893e-01
   1.9106779e+00
  -1.0020493e+00
   1.8676041e+00
  -1.0522989e+00
   8.0364874e-01
  -7.2667639e-02
  -1.9520070e+00
   2.4996562e+00
  -1.2065606e+00
  -7.0741572e-01
  -4.5093460e-01
  -3.7541948e-01
   2.1287026e-01
   3.2927547e-01
   2.0920668e+00
   1.4217750e+00
   9.6322348e-01
  -6.5740096e-01
   1.0742593e+00
  -1.9887265e-01
  -2.8871742e-01
   5.4588117e-01
  -1.1953535e+00
  -2.4050897e+00
  -4.1354621e-01
  -8.4335746e-01
   8.5335206e-01
  -2.6254910e-01
   1.4395985e+00
  -5.2478050e-01
   6.2630146e-01
   4.9037384e-01
   3.9213359e-01
  -9.6928517e-01
   6.0151654e-02
  -1.2657786e-01
  -5.7716402e-01
  -3.0517622e-01
  -4.8327787e-01
  -3.1028800e-01
  -8.6154547e-01
  -1.2200232e+00
  -6.4549641e-01
  -2.8914237e-01
   1.0004218e+00
  -5.8806369e-01
   1.5574834e+00
  -1.3613732e+00
   1.9000816e+00
   1.7785922e-01
  -2.1666096e+00
   7.0689222e-01
  -2.2253345e+00
   3.4119917e-01
   2.2512381e+00
  -1.6613670e-01
   4.8702296e-01
   6.7296902e-01
  -3.7495559e-01
   8.2048879e-01
  -3.7487384e-01
   8.7849183e-01
  -9.9801156e-01
   7.0460659e-02
  -2.9054168e-01
  -7.7834231e-01
   8.8556253e-02
  -1.4736744e+00
  -1.6397946e+00
  -1.4532807e+00
  -8.0337521e-01
   8.4257750e-01
   4.9842139e-02
   1.2479599e+00
   9.8709559e-01
  -4.8111651e-01
  -1.3607952e+00
   2.7717344e-02
  -3.4780848e-01
   1.2241253e+00
  -7.3364936e-01
   1.5795517e+00
   2.5425751e-01
   4.6439221e-01
  -7.1503403e-01
  -1.0158427e+00
  -1.7602801e-01
   2.1294552e-02
  -1.4609035e+00
   1.1044563e-01
  -7.6865582e-01
   4.2135109e-01
   9.7626200e-01
  -1.8909182e+00
  -7.2562323e-01
  -2.7106576e-01
  -2.2515725e+00
  -2.5941471e+00
  -1.6935260e+00
   8.9540044e-01
   1.6186082e+00
  -6.3789053e-01
  -4.5155419e-01
   1.7772937e-01
   8.1446957e-01
   8.7983775e-01
   2.5059596e+00
   4.7278799e-01
  -1.1679817e+00
   2.3186483e+00
  -9.9785714e-01
  -7.0498744e-01
   9.0716409e-01
   1.7553752e-01
   6.8244323e-02
   5.9162507e-03
  -1.3395773e+00
  -1.2854509e+00
  -1.6765230e+00
   7.5586802e-01
  -8.9576887e-01
  -1.7346408e+00
   4.7655020e-01
  -2.5396959e-01
  -1.3031568e+00
   2.9026039e-01
   4.3966345e-01
   5.0339324e-01
  -6.1005986e-01
  -3.5393636e-01
  -4.3209969e-01
   1.6447876e-01
   5.1049700e-01
   1.6427612e+00
  -6.1512607e-01
  -6.2867134e-01
  -1.7655791e-01
   1.1612541e+00
  -3.9846809e-01
   9.2835520e-01
  -7.3562627e-01
  -8.5599462e-01
   1.8131109e+00
   8.6034974e-01
   5.6782430e-01
   6.6418148e-03
  -5.9978685e-01
   1.1752312e+00
   1.1312559e+00
  -1.7619150e+00
  -1.1518360e+00
  -3.6829301e-01
   1.4841380e+00
   3.9109658e-01
   1.3076529e+00
  -5.7717857e-01
   4.7710030e-01
  -6.2152389e-01
  -1.8751440e+00
   3.0778620e-01
   3.9045500e-02
  -7.6170509e-01
  -5.4991477e-01
  -7.7944067e-01
   5.2046311e-01
  -1.0408009e+00
   5.9186483e-01
  -2.9160874e-01
  -2.3618022e-01
  -8.7677902e-01
  -8.3681634e-01
  -6.7294580e-01
  -9.1969507e-01
  -7.0642195e-01
  -6.4205245e-01
  -1.5197377e+00
  -1.7453939e+00
  -3.1289066e+00
   5.4568792e-01
  -9.7472775e-01
   2.2101019e-01
  -3.9422123e-01
   8.3784105e-01
   3.7940423e-01
   1.4795982e+00
   2.3817494e-01
   5.3898284e-01
  -3.7873039e-01
  -9.1467687e-01
  -1.7242253e+00
  -1.3712544e+00
   1.7607432e+00
  -1.2982462e+00
   5.1202225e-01
   6.8258041e-02
   6.8942432e-01
  -2.2378079e-01
  -2.7373002e-01
   6.3005265e-01
  -3.1673214e-01
   2.4165246e-01
   1.4168692e+00
   6.1909004e-01
  -5.9475015e-01
  -2.7620865e-01
   1.4166002e+00
  -1.7844352e+00
   3.1826201e-01
   1.5467781e+00
   1.1384619e-02
   1.9877916e-01
   9.6611400e-01
   2.3076969e+00
   9.5516798e-01
  -5.6577982e-01
   5.6436342e-03
  -6.8594158e-01
   1.0842070e-02
  -2.4390503e+00
  -1.0062516e+00
   5.5980285e-01
   4.7802911e-01
  -1.3308975e+00
   5.1211791e-01
   2.0078336e-01
   1.0449706e+00
   1.9995425e-01
  -9.4259353e-01
  -8.9673814e-01
  -1.2373993e+00
   2.3858725e-01
   8.4565885e-01
  -4.2538975e-01
  -3.2359806e-01
  -5.4866386e-01
  -2.2004495e+00
  -1.2631374e+00
  -4.1637822e-01
   3.2685759e-01
  -8.4407028e-01
  -1.2142334e+00
  -1.1061819e+00
   7.9669503e-01
   2.7735263e-01
   1.4355200e-01
   7.8040129e-01
   8.5744142e-01
  -6.2563809e-01
  -1.7228873e+00
  -1.4578423e+00
   9.0082452e-01
   4.7081287e-01
  -1.3936057e+00
  -4.1466899e-01
  -6.4050459e-02
   1.1802218e-01
  -6.1153603e-02
  -8.3102332e-01
   1.1035289e+00
  -4.9987718e-01
  -9.4944304e-01
  -1.9612624e+00
  -1.2756559e+00
   2.7565515e+00
  -5.9723826e-01
   1.4835404e+00
  -5.2071683e-01
   1.0219885e+00
  -5.9433792e-01
  -7.1101539e-01
   3.5456938e-01
   1.5955629e-01
   6.9437041e-01
  -5.0459752e-01
   5.5838287e-01
  -6.9979882e-01
   8.2463134e-01
   6.6336128e-01
   2.9680808e-01
  -1.0571600e+00
  -1.6500431e+00
  -6.0023298e-01
   1.2418564e-01
  -1.5367966e+00
   5.1327011e-01
   1.6125850e+00
  -4.7037837e-01
  -1.4514822e-01
  -1.0290437e+00
  -5.8524695e-02
  -8.8189689e-01
   1.0338046e+00
   7.7009274e-01
   2.3303240e-01
  -2.8218495e-01
   1.6306199e+00
  -2.1579907e+00
   3.5223267e-01
   6.7157231e-01
   4.5498983e-02
   1.3225128e+00
  -7.8295236e-01
   6.0761075e-02
   1.3649457e+00
  -8.9554055e-01
   1.2600922e+00
  -1.7669321e+00
  -2.2884447e-01
   1.4281999e+00
   5.5063630e-01
  -5.2008735e-03
   2.5776911e-01
  -9.0644807e-01
  -1.4966502e+00
  -2.0867826e+00
   6.0513657e-01
  -1.9212975e+00
   3.9432867e-01
  -1.8109912e+00
   5.0256570e-01
   2.7512628e-01
   1.6586622e-01
  -3.8138182e-01
   1.2564276e+00
   8.4388128e-01
  -1.2358973e+00
  -5.2102611e-01
   4.1518539e-01
  -3.7914643e-01
   1.0746583e+00
  -1.2592638e+00
   5.2450293e-01
   7.2448932e-01
   3.4523529e-01
   2.4724422e-01
  -1.3566897e+00
   1.6639127e+00
  -1.3997829e-01
  -1.2661521e+00
  -9.8969417e-01
  -1.4457122e+00
  -9.3484120e-01
   6.1114082e-01
  -3.3026248e-01
   1.9053470e-01
   8.0824223e-01
  -6.6719912e-01
   7.5730235e-01
  -1.8580498e-01
  -2.9645369e-01
   3.3022331e-01
  -1.7392974e-01
  -5.7896964e-01
   1.7002121e+00
   4.8453723e-02
   2.1769252e-02
  -4.0405297e-01
  -1.4692437e+00
   1.2515896e+00
  -9.6266425e-01
   1.1356527e-01
   5.6524802e-02
   1.1478562e+00
  -2.5307599e-01
  -8.1837056e-01
  -5.6551239e-01
   1.3718862e-01
  -1.9066178e-01
  -1.4715734e+00
   1.0339483e+00
  -4.7896615e-01
   2.5221935e+00
  -1.4944487e-02
  -2.5444899e-01
   8.5698977e-02
   2.2127396e-01
   5.4758699e-01
   2.6268559e+00
  -1.9429783e+00
  -1.0122603e+00
  -6.8403572e-01
   3.0799787e-01
  -3.7565020e-01
   5.6241654e-01
  -1.3904374e+00
   1.1548905e+00
   2.6491874e-01
   3.2984233e-01
  -1.2299690e+00
  -5.9541687e-01
   1.6420461e-01
  -7.6547830e-01
   8.1568023e-01
  -6.3537136e-01
  -7.8864638e-01
   4.6723595e-01
  -8.9565512e-01
   9.6975745e-01
  -1.5138388e+00
  -7.3265909e-01
   2.0343945e+00
  -8.4930888e-01
  -4.6652765e-01
   2.7780499e-01
   3.5613229e-01
   2.9285681e+00
   1.3997402e+00
  -5.0699893e-01
   6.6435301e-01
   1.4213738e+00
  -4.9257299e-02
  -2.4280166e+00
  -3.0705840e-01
  -1.2990818e+00
   5.8473359e-01
  -1.0841184e-01
   1.0490084e+00
  -1.0146973e+00
   1.1534637e+00
  -1.1621779e+00
   1.5129957e+00
   1.7966752e-01
   1.1931219e+00
  -1.4272535e+00
   8.6346468e-01
  -5.9426704e-01
  -1.5386655e+00
   1.2619765e+00
   4.1079930e-01
  -1.5799744e-01
   2.2819211e-01
  -4.8414912e-01
  -1.3616149e+00
  -2.1118812e+00
  -1.7163412e+00
  -4.6950197e-01
   6.7212878e-01
  -1.0497435e-01
   1.3431012e-01
  -4.5454315e-01
   3.1267132e-01
   8.1416798e-01
  -7.4520487e-01
  -1.2674218e+00
   5.4361738e-01
  -6.4421625e-01
  -2.2143082e+00
   2.4642270e-01
   5.9808226e-01
   7.0321540e-01
   3.7072847e-01
  -7.9307834e-02
   1.2338864e-01
   1.9353863e+00
   4.6264285e-02
  -3.5153998e-01
   1.3918372e+00
   1.1571960e+00
   1.7080865e+00
   9.6541904e-01
   5.5859940e-01
   1.3901898e+00
  -1.6579560e-01
  -2.9064307e-01
  -8.0560577e-01
   1.7342099e+00
   2.3485243e+00
   1.0172502e+00
  -5.8959324e-01
  -1.2031464e+00
  -9.0177154e-01
   5.7302051e-02
  -1.2863099e+00
  -1.5509782e+00
  -1.5075646e+00
   4.4980456e-01
  -2.0399855e+00
   4.9192442e-01
   4.2321468e-01
  -1.0559489e+00
  -9.4600641e-01
  -5.7888600e-01
  -6.3767155e-01
   8.4699539e-01
  -1.4347381e-01
  -8.5153341e-01
   5.0432183e-01
   9.8011101e-01
  -1.7257926e+00
   1.2039562e+00
  -1.0297842e+00
  -1.9448327e+00
   7.4849979e-02
   1.1309381e+00
   1.2238874e+00
  -3.9313817e-01
   6.8963370e-01
  -1.2402696e-01
  -1.9195556e-01
   1.1504595e+00
   2.3870605e-01
   9.6168173e-01
   4.8983090e-01
  -6.4479880e-01
   5.5090904e-01
  -1.5430391e-01
  -1.2251125e+00
   2.0443711e-01
  -7.4153075e-03
  -5.2419626e-01
   1.1822930e-01
  -8.4747903e-01
   1.9025861e+00
  -1.5953283e+00
  -1.5403550e+00
   1.0512559e+00
  -7.6744015e-01
  -6.3953560e-01
  -6.3804745e-01
   8.9713151e-01
   1.1864785e-01
   4.9702741e-01
  -1.8600193e+00
  -1.7819828e+00
   2.1871407e-01
  -1.8804619e+00
   1.9003336e+00
   3.2030963e-01
   1.3065309e+00
  -1.7723135e+00
   5.3215471e-01
   4.9022701e-01
   1.1451258e+00
  -3.4801717e-01
  -1.3681396e+00
  -7.1793993e-01
  -5.2624953e-01
  -3.2370950e-01
  -2.1315445e-01
   2.5403678e-01
   2.1026313e+00
  -8.3639877e-01
  -6.6768292e-01
   1.7536140e+00
   2.4670447e+00
  -7.3287131e-01
  -1.9140240e+00
   4.9581827e-01
  -7.0424459e-01
  -7.7287240e-02
  -9.9864274e-02
   3.2242762e-01
  -1.3083936e+00
   2.3714292e-01
  -4.1741835e-01
  -1.4898256e+00
  -1.4191505e-01
  -1.0459845e+00
   2.8641122e+00
   5.0205399e-02
  -9.8581135e-02
  -2.3011711e-01
  -1.1775066e-01
   1.2170988e+00
  -1.3866008e+00
  -7.6783115e-01
   1.0130339e+00
   4.7008516e-01
  -1.9306268e-01
   1.3534811e+00
  -9.9898139e-02
   9.4912281e-01
  -3.1515186e-03
   1.7900620e+00
   8.2889387e-01
   6.5164077e-01
  -8.5585968e-01
  -4.4038291e-01
   3.8479045e-01
   2.8909837e-01
  -1.4265673e+00
   2.7681038e-01
   3.5363946e-01
  -1.7664098e+00
  -1.1512485e+00
   1.4613313e+00
  -5.4420634e-01
  -1.1314973e+00
  -3.6034830e-01
   1.2483529e+00
   4.2880960e-01
  -2.2504046e+00
  -5.5121045e-01
  -1.5911805e+00
  -6.1115339e-01
  -1.9000130e+00
   6.6874778e-01
   1.0281039e+00
   8.4533554e-01
   9.9973006e-01
   1.2443971e+00
  -8.1468368e-01
  -5.0899779e-01
  -1.3859971e+00
  -1.9661457e+00
  -9.3537226e-01
  -1.3130896e+00
   5.3437606e-02
  -3.7490691e-01
   4.3609881e-01
  -9.3372725e-01
   3.3980087e-01
   1.9537791e-01
  -1.6397968e+00
  -1.9589565e+00
  -2.3336633e+00
  -6.5502942e-01
   8.3718951e-02
   5.1140892e-01
  -9.9466885e-01
  -4.2481972e-01
  -2.2708686e+00
   1.7823742e+00
  -7.8720641e-01
   3.7491674e-01
  -1.6031381e+00
  -4.9254880e-01
   9.5967300e-01
  -1.2118548e+00
   4.9875465e-01
  -1.1811631e+00
   6.4724696e-01
   4.9358888e-01
  -1.2356200e-01
   1.7940977e+00
  -1.6068180e+00
   5.3606240e-01
   1.7807164e+00
   3.1076900e-01
   7.0805627e-01
  -1.8574124e-01
   8.8158431e-01
  -1.7964424e+00
  -1.1316857e+00
  -1.0900869e+00
  -1.1452749e+00
   2.3933881e+00
   1.7304931e+00
  -6.1965774e-01
   4.4178393e-01
  -1.6537216e+00
  -7.0596551e-01
  -2.9230837e-01
   3.0543324e-01
   1.2038973e+00
   6.1718556e-01
  -1.9790523e-02
   1.2424651e+00
  -1.8405786e-01
   6.5495031e-01
   2.0342548e+00
  -1.1700072e+00
  -2.8067481e-01
  -9.7948786e-01
  -1.5686424e+00
   9.9012364e-01
  -4.6148404e-01
  -1.7016872e+00
  -1.0240731e+00
   9.8550280e-01
   6.4679300e-01
   1.1264980e-01
  -1.5851579e+00
  -5.2040889e-01
  -9.6231119e-01
   1.3387294e+00
  -6.6243226e-01
   8.5116836e-01
   1.6954385e+00
   1.3372514e+00
   6.2179489e-01
  -1.2895916e+00
   2.3240700e+00
  -1.3215878e+00
  -6.8622949e-01
  -1.6345304e-02
   7.4667412e-01
   2.7343955e-01
  -8.0306733e-01
  -9.9466518e-01
  -1.5017913e+00
  -3.8123493e-01
  -2.8794079e-01
  -1.4042619e-01
  -3.8112653e-01
   5.0336896e-01
  -1.4050088e-01
  -5.8665004e-01
  -2.7689291e-01
   1.6396135e+00
   6.5049249e-02
   1.0613182e+00
  -3.8020843e-01
  -7.0132693e-01
   1.3932220e+00
   6.1194361e-01
  -6.0335855e-01
   1.3758287e+00
  -2.3637127e-01
  -6.6369241e-02
  -5.0406835e-02
  -1.5513381e-01
   2.8353999e-01
  -1.4307896e+00
   5.4909288e-01
  -2.4568648e+00
  -1.7073240e-02
  -1.1238351e+00
   4.5715691e-01
  -1.0099989e+00
   8.6800270e-01
  -7.0261876e-01
  -9.4272645e-01
   2.7236494e-01
  -3.6431860e-01
  -5.2640196e-01
  -5.5485253e-01
   8.4721691e-01
  -4.9266562e-01
  -1.1312990e-01
  -5.9593996e-01
  -1.7656645e-01
  -7.8824480e-01
   5.1581047e-01
   2.6463552e-01
   8.4728859e-01
   2.5337552e-01
   3.2694822e-01
   1.9068723e-01
   1.5473872e+00
  -1.2695317e-01
  -3.5968215e-01
   2.7996914e-01
  -4.0051885e-01
  -1.3241154e+00
  -5.9530472e-01
  -5.5749908e-01
   4.6938409e-01
   5.3232207e-01
  -2.0823411e-01
   2.3293791e-01
  -8.9096264e-01
  -9.8140197e-02
  -3.0549564e-01
   6.9248553e-01
   8.6393472e-01
  -5.4893769e-01
  -1.9301256e+00
   6.0741833e-02
   1.1689084e+00
   1.1144616e+00
   6.2718792e-01
   9.9231266e-01
  -9.3122271e-01
  -1.2568685e+00
   4.5919769e-01
  -1.5412064e-01
  -1.1858048e+00
   7.0585600e-01
   1.3802430e+00
   2.6077082e-01
   2.8013234e-01
   1.2415289e-01
  -7.0751034e-01
   2.0443369e-02
   8.5536367e-01
  -1.1427611e+00
   9.5370027e-01
   1.2561324e+00
  -8.6296889e-02
  -1.1490025e-01
   1.3708861e+00
   4.7385569e-01
   4.4453399e-01
  -1.4975211e-01
  -8.1615670e-01
  -4.5133047e-01
   4.1761967e-01
  -9.1763630e-01
  -3.0747452e-02
  -7.3604392e-01
  -1.3409510e+00
   1.6300044e+00
   8.6952814e-01
  -2.0624950e-01
   1.1472364e+00
   8.3074768e-02
   4.7219578e-01
   4.2932426e-01
   3.0212540e-01
   1.3141540e-02
  -1.0974198e-02
  -7.2333655e-01
   1.1783873e+00
  -2.9806254e-01
  -4.1782485e-02
  -1.0733828e+00
   3.1311688e-02
   1.5002243e+00
  -1.1125328e+00
   7.2117651e-01
  -1.4647068e+00
   5.3605230e-01
   1.5380488e+00
   1.2407643e-01
  -1.1551033e+00
   1.7188754e+00
  -1.0500336e+00
  -6.7297077e-01
   4.3811040e-01
   3.7505749e-01
  -7.6740934e-02
   2.5308989e-01
   4.3742274e-01
  -1.6887391e-01
   2.6569502e-01
  -3.7049845e-01
  -5.2017039e-01
  -5.1095300e-01
   7.8948194e-02
  -1.0099985e+00
  -6.9852853e-01
  -1.2050401e-01
   3.5762583e-01
  -2.0454975e-01
  -2.4529559e-03
  -6.2979748e-01
  -1.5214020e+00
  -6.0375258e-01
  -5.9243052e-01
   1.4303241e+00
   1.0243146e+00
   5.0968011e-01
   1.2227753e+00
   8.2023348e-02
  -5.6890340e-01
   8.5832024e-01
  -6.7835737e-01
  -7.8068493e-01
   5.4239017e-01
  -5.8168995e-01
  -1.0421209e+00
  -7.8698941e-01
  -6.3732904e-01
  -1.3713367e+00
  -7.4221742e-01
   5.2699943e-01
   2.1649665e+00
  -5.8727510e-01
   5.9861484e-01
   1.7800634e+00
  -1.5834288e-02
  -3.7948237e-01
   2.0994588e-01
   2.0786815e-01
  -8.2260349e-01
   1.1369530e-01
  -5.9269196e-01
  -1.0972065e+00
   1.1850935e-01
   8.9908608e-01
   5.9775608e-01
   1.7466997e-03
   7.0274849e-01
   1.0791580e+00
  -1.4079630e-01
  -3.2780288e-01
   7.1165389e-01
  -8.3729049e-03
   1.8686515e+00
  -1.2959564e+00
  -1.4934481e+00
  -1.0627823e+00
   1.3878448e-01
  -5.8095028e-02
  -2.3808178e-01
   9.3604198e-01
  -1.5247665e-01
   5.1616698e-01
   1.6274558e+00
   1.1581468e+00
  -4.8767856e-01
   2.2198251e+00
   9.7198482e-01
   2.3162883e-01
  -1.0647814e+00
   1.7028911e+00
  -1.1159709e-01
  -1.1385477e-01
   2.9379267e-02
   2.2602757e-01
   2.2128011e+00
   1.3525386e+00
  -8.0341196e-02
   1.5894504e+00
  -3.5170236e-01
  -1.0667438e+00
  -4.5563589e-01
  -6.0705960e-01
  -1.2468333e-01
  -6.8685707e-02
   8.2619328e-01
  -7.0499327e-01
   1.0002216e+00
  -3.0637383e-01
   5.1181871e-01
   1.8386823e+00
   1.3594850e-01
   5.0154132e-01
  -6.9389297e-01
   2.3200096e-01
  -7.8867015e-01
  -1.7164260e-01
  -7.0763115e-01
   9.0403143e-02
  -8.8092806e-01
   8.5711513e-01
   2.6380177e-01
  -1.2827662e+00
  -1.9594462e+00
  -1.5048389e+00
  -9.3375384e-01
  -1.1119801e-02
   3.8332915e-01
  -1.2099717e+00
  -1.7928063e+00
  -4.9830025e-01
  -1.7091896e+00
  -2.3967008e-01
  -1.1564442e+00
   4.4469860e-01
  -6.3905005e-01
   6.6403744e-02
  -9.6495365e-01
   1.7349648e+00
   8.5890270e-02
  -2.7690334e-01
  -1.3265413e+00
   3.4015664e-01
  -1.0944615e+00
  -1.1677082e+00
  -7.0733827e-01
  -6.6523728e-01
  -6.2212878e-01
   1.6606016e+00
   6.4814349e-01
   1.3562458e+00
  -2.6790406e+00
  -2.7661296e-01
  -1.4984182e-01
  -3.2285546e-01
   1.6485588e+00
  -5.1739009e-01
  -8.1027853e-01
   3.1797668e-01
  -1.2450729e+00
   1.6272633e+00
   1.0098708e+00
   2.3306845e+00
   5.5426899e-01
   2.0457133e-01
   1.2386037e+00
   1.3526061e-01
  -1.9459705e-02
  -9.4395749e-01
  -7.7419537e-01
  -3.7042612e-02
   6.6191942e-01
   9.7841341e-01
  -6.5495872e-01
  -4.7261012e-01
  -8.8411085e-01
  -1.2485150e+00
   2.9240127e-01
  -2.9845464e-01
   1.3359849e+00
  -4.3119087e-01
   8.7400293e-01
  -5.1167026e-01
   4.5161408e-01
   1.2304531e+00
  -1.8563994e-01
   2.1771771e-01
  -2.6331913e+00
  -4.7142759e-01
   1.9991102e-01
   1.1032658e-01
   1.6622123e+00
   3.4057783e-01
  -1.6443345e-03
   5.2209911e-01
  -1.2926694e+00
  -4.6784705e-01
   4.9658223e-01
  -2.3293108e-01
  -2.3937901e+00
   7.2308294e-01
  -1.3684184e+00
  -1.2627121e+00
   4.2563482e-01
  -2.4297861e-01
  -7.7938048e-01
  -1.5796326e+00
  -6.2230983e-01
  -2.1872694e+00
   3.5474182e-01
  -7.5327183e-02
  -1.3056852e+00
  -1.9739404e-01
   2.9370510e+00
   2.2323417e-01
   3.9845786e-01
   1.6101998e+00
   3.8616127e-01
   9.7077968e-03
   7.2500492e-02
   3.1919403e-01
   1.0708616e+00
   3.0083218e-01
   1.1721887e+00
  -1.0941482e-01
   8.2724212e-01
  -5.1982789e-01
   8.5302652e-01
  -1.1751201e+00
  -4.5440037e-01
  -5.0610878e-01
   1.8036927e+00
  -1.0127482e+00
  -1.2402892e+00
   2.6656499e-01
  -1.2077523e+00
